-0.32478,-0.13443,-0.050835,-0.51102,-0.22115,-0.37053,-0.25756,-0.33848,0.24181,-0.29712,-0.2862,-0.53754,-0.24132,-0.025179,0.020612,0.39501,-0.18559,-0.20017,NaN,NaN,NaN
0.04753,-0.016333,0.24826,0.61752,0.13088,0.47777,-0.057132,0.42841,0.041663,0.094049,0.16777,0.070699,0.12063,0.07837,0.3291,0.11127,-0.41772,0.14302,NaN,NaN,NaN
-0.34595,0.091076,-0.19384,-0.35497,-0.25759,-0.27425,-0.6719,-0.10284,-0.073951,-0.096662,-0.43243,-0.01096,0.1919,-0.17637,-0.016189,-0.10647,-0.019296,0.052055,NaN,NaN,NaN
0.29231,-0.13512,0.083809,-0.2223,0.10678,-0.017299,-0.38082,-0.22054,0.059022,-0.344,0.37692,0.27205,-0.26692,-0.12285,-0.067513,0.016105,-0.065099,-0.00080884,NaN,NaN,NaN
-0.35491,0.27852,-0.14608,0.10457,-0.13298,-0.099496,-0.36421,0.051708,0.33377,-0.18483,-0.30766,-0.2349,0.061076,-0.13156,0.10189,-0.36995,-0.41371,0.017009,NaN,NaN,NaN
-0.49728,0.29178,0.034351,0.20751,0.067755,0.29513,-0.082155,0.2719,-0.17457,-0.12329,-0.36704,0.04459,-0.022878,0.26591,0.21253,0.4224,-0.035517,0.014899,NaN,NaN,NaN
0.48505,-0.21126,-0.12029,0.3346,0.30911,-0.01725,-0.010955,0.31281,0.9033,-0.11656,0.226,0.67045,0.58017,-0.60064,0.072707,-0.29099,-0.46149,-0.25524,NaN,NaN,NaN
0.21911,0.10574,0.019966,-0.021973,0.13367,-0.04628,-0.082047,0.20978,-0.33941,-0.099692,0.16617,-0.37964,-0.22533,0.46653,0.015433,-0.058747,-0.29153,-0.17907,NaN,NaN,NaN
0.4746,-0.07968,0.1873,0.25905,-0.072325,0.22434,0.46056,0.0084592,-0.55094,0.17265,0.11212,-0.063682,-0.20644,0.042906,-0.21204,0.087438,0.51858,-0.046713,NaN,NaN,NaN
-1.2195,-1.5067,-2.3613,-2.2308,-1.347,-1.752,-1.8477,-2.3119,0.0083173,-1.6386,-1.486,-2.0059,-1.6361,-2.5701,-0.80928,-0.094687,-1.5441,-2.0547,NaN,NaN,NaN
0.41372,0.50515,0.30853,0.41973,-0.07388,0.09721,-0.11258,0.45144,-0.43682,0.1022,-0.25548,-0.18116,0.27715,-0.10047,0.35213,-0.25376,-0.3072,0.22617,NaN,NaN,NaN
0.32013,-0.087474,-0.47567,-0.27544,-0.0026733,0.19062,-0.12955,-0.35939,-0.60404,0.034253,0.55295,-0.16643,0.15026,-0.24019,-0.69487,-0.40164,-0.14391,0.082849,NaN,NaN,NaN
0.067638,-0.21819,-0.33267,-0.096306,0.13907,-0.14818,0.27254,-0.01644,0.41054,-0.24213,-0.59142,-0.62236,-0.31691,-0.43155,0.82736,-0.46833,0.30552,-0.2119,NaN,NaN,NaN
0.29777,-0.040844,0.070012,-0.43,0.019126,0.029344,0.0072891,0.047156,-0.22404,0.048212,0.32319,0.3057,0.38411,-0.28219,0.43258,0.33448,-0.22007,0.19906,NaN,NaN,NaN
0.70402,0.14312,-0.40756,0.17015,0.28443,0.33262,0.26038,-0.067324,-0.54262,0.2706,-0.14702,-0.08684,0.032003,-0.76207,-0.080733,-0.20975,0.01946,0.30946,NaN,NaN,NaN
-0.027683,-0.082217,-0.097217,0.12219,-0.22641,-0.08752,0.12096,0.22372,0.26144,0.35996,-0.39153,-0.12779,-0.12901,-0.023693,0.12988,-0.08489,0.33746,0.22688,NaN,NaN,NaN
-0.41371,-0.53797,-0.14694,-0.36435,-0.1676,-0.31264,-0.23193,-0.38468,0.0022738,-0.40779,0.1746,-0.19453,-0.053065,0.47074,0.054376,-0.27619,-0.56526,-0.060026,NaN,NaN,NaN
-0.019842,0.05623,-0.16537,-0.23498,0.021143,-0.18651,0.03226,-0.2019,0.0086708,0.23785,0.16256,0.10126,-0.0055874,-0.33142,-0.04901,0.10963,0.38698,-0.033334,NaN,NaN,NaN
0.19455,0.32709,-0.11817,-0.086072,0.19975,-0.15453,-0.29472,-0.010325,0.29839,0.24245,-0.42437,-0.55331,0.10467,-0.51407,-0.10223,0.63432,0.24942,0.038108,NaN,NaN,NaN
0.76443,0.44037,-0.03004,-0.11234,-0.15356,-0.40573,-0.67594,-0.40823,-0.51352,-0.31107,-0.18156,-0.29677,-0.42931,0.11239,-0.1249,-0.055355,-0.028965,0.22626,NaN,NaN,NaN
0.69408,0.28488,0.23727,0.24426,0.15387,0.0022841,-0.33844,-0.10644,0.56421,-0.48287,0.036488,0.16912,-0.23605,0.30731,-0.7112,0.24959,-0.16752,0.52159,NaN,NaN,NaN
0.6508,0.47748,0.57246,0.1148,0.099646,0.1757,-0.23297,0.23291,-0.16077,0.26101,0.019924,-0.30608,0.26159,0.50876,0.22539,0.42581,-0.12778,0.59871,NaN,NaN,NaN
-0.49039,0.62411,0.63841,0.46854,0.74833,0.24544,0.1102,0.33886,0.32651,0.11878,0.072481,0.075394,0.070261,0.26401,0.042698,0.25587,0.50777,0.45327,NaN,NaN,NaN
0.53588,0.18072,-0.20874,0.26736,-0.01213,0.27336,0.18816,0.22666,0.10302,0.51011,-0.32014,-0.016612,0.046544,0.043912,0.11176,0.13942,0.34375,-0.041098,NaN,NaN,NaN
-0.37131,-0.38929,-0.23508,-0.18563,-0.16001,-0.21668,-0.45184,-0.24456,-0.08084,-0.31115,-0.37877,-0.36283,-0.2076,0.093687,0.22551,0.33103,-0.64033,-0.40293,NaN,NaN,NaN
0.11973,-0.073252,0.28889,0.020988,0.21468,0.11048,-0.33833,0.48143,-0.10422,-0.37005,0.47351,0.078704,-0.23013,0.093316,-0.064663,0.36504,-0.39795,-0.079128,NaN,NaN,NaN
0.19281,-0.0059524,0.15168,0.027941,0.42782,-0.23393,0.11274,-0.09626,-0.31963,0.11625,0.31779,0.040465,0.018501,-0.04547,-0.19306,0.28355,-0.16922,0.0025339,NaN,NaN,NaN
-0.51604,-0.35452,-0.37947,0.29551,-0.40133,0.087502,0.4949,-0.44941,-0.041154,-0.42061,0.16666,0.15328,0.25844,0.14278,0.19202,-0.51199,0.40391,-0.36042,NaN,NaN,NaN
-0.10926,0.050842,-0.22449,-0.038023,0.21362,-0.02466,-0.042132,0.066729,0.03128,-0.034391,-0.27472,-0.26204,0.12839,-0.13569,-0.096472,-0.10472,-0.28719,0.065823,NaN,NaN,NaN
0.30903,-0.040571,0.13015,0.11233,-0.25368,0.19392,0.079961,0.44467,-0.011779,0.11809,0.74054,0.16805,0.16461,0.012811,-0.31537,-0.034598,0.19228,-0.010745,NaN,NaN,NaN
-0.83973,-0.15548,0.32282,0.11396,0.25357,0.20444,-0.013146,0.15931,0.41733,-0.48955,-0.094344,-0.6187,-0.023486,0.26346,0.59413,-0.033361,-0.3123,0.054722,NaN,NaN,NaN
-0.17556,0.43679,0.25962,0.054999,0.0053619,0.30096,0.062284,0.19117,0.28418,0.33693,0.17037,0.22132,0.20511,0.43245,0.40549,-0.31836,-0.18883,0.50756,NaN,NaN,NaN
-1.1168,-0.4263,-0.39091,-0.36344,-0.29727,-0.019689,0.20223,-0.085955,-0.057831,-0.13387,-0.25803,-0.50535,0.18169,-0.45248,-0.35592,0.021055,-0.36955,-0.64612,NaN,NaN,NaN
-0.10822,-0.26487,-0.29753,-0.32221,-0.30426,-0.25396,0.038279,-0.092113,-0.13799,0.34924,0.15679,-0.080702,0.30549,-0.062,0.38056,-0.020938,0.074084,-0.0045895,NaN,NaN,NaN
-0.50589,-1.11,-1.4993,-0.83325,-1.2902,-0.99472,-1.1154,-0.88689,-0.06428,-0.837,-0.21539,-0.6761,-1.1893,-1.2826,-0.25624,-1.7456,-0.77655,-1.0173,NaN,NaN,NaN
0.41051,0.11987,0.35918,0.30108,0.15651,-0.12062,-0.1214,0.33921,-0.63367,0.56691,-0.089735,-0.291,-0.40416,0.83799,0.2039,0.25055,-0.48446,0.30218,NaN,NaN,NaN
-0.003729,0.019721,0.12289,-0.10951,-0.27423,0.26895,0.089846,-0.053696,-0.14719,-0.5367,-0.045181,-0.13727,-0.19842,0.23854,-0.25967,-0.07442,-0.041167,-0.25403,NaN,NaN,NaN
-0.43951,0.14673,0.19194,-0.091982,0.12017,0.043219,0.29702,-0.1144,-0.015386,0.38559,0.038284,0.31585,0.14848,-0.094763,-0.21134,0.51317,0.37017,0.095647,NaN,NaN,NaN
0.2211,-0.12203,0.14803,-0.12686,0.23353,0.15442,-0.055794,0.22963,0.32759,-0.28975,0.67195,-0.078738,0.13756,0.23397,-0.071791,0.010045,0.14087,-0.047533,NaN,NaN,NaN
0.70354,0.031591,0.084542,0.048181,-0.10215,0.16551,-0.46021,0.44101,-0.33116,0.6247,0.089927,0.2817,-0.093425,-0.043987,-0.80705,-0.23563,0.098732,-0.32479,NaN,NaN,NaN
0.34008,0.077677,0.12066,-0.325,-0.19897,0.07069,-0.13194,-0.28161,-0.58033,0.48489,-0.26353,-0.22324,0.1929,0.38017,-0.9843,0.078742,-0.14069,0.1473,NaN,NaN,NaN
0.44893,-0.32079,-0.41822,0.1541,-0.13508,0.05151,0.087357,-0.31947,-0.23268,0.36357,-0.20147,-0.58292,-0.04965,-0.2194,0.077613,-0.36989,0.21428,-0.2024,NaN,NaN,NaN
-0.10951,0.20393,-0.30942,-0.37605,0.059299,-0.099366,-0.27865,-0.30098,-0.51516,0.35868,-0.39493,-0.18208,0.038317,-0.51185,-0.048356,-0.28813,-0.066155,0.011759,NaN,NaN,NaN
0.21526,-0.19557,0.047319,0.013721,-0.033394,0.064078,0.14981,-0.023339,-0.30358,0.089597,-0.47579,0.056775,-0.29397,-0.025704,0.94447,0.18223,0.097496,0.11088,NaN,NaN,NaN
0.45054,-0.21029,-0.20227,-0.10778,-0.35267,0.10125,0.25536,-0.063474,0.24302,-0.05536,-0.14933,0.294,-0.079036,0.079898,0.38246,-0.12049,0.35455,0.015631,NaN,NaN,NaN
0.67757,-0.049291,0.1655,-0.16442,-0.2129,0.047431,0.16698,0.090641,-0.09099,0.11218,0.048136,-0.24751,-0.10161,0.52637,-0.10311,0.37979,0.30742,0.112,NaN,NaN,NaN
-0.0042602,0.25355,0.49026,0.18783,-0.17936,0.22451,-0.04452,-0.10606,-0.00075051,0.25683,0.24954,0.15633,0.11877,0.44011,0.45551,-0.019558,0.29459,0.033769,NaN,NaN,NaN
-0.21487,0.22433,0.34739,0.31216,-0.23813,0.25822,0.067588,0.5414,0.67482,-0.076713,0.2117,0.1321,0.4822,0.62426,-0.03525,-0.10034,0.32901,0.16056,NaN,NaN,NaN
0.27548,0.010408,0.18124,-0.29901,-0.0097038,-0.42255,-0.11772,-0.16459,-0.23931,-0.19422,0.042102,0.11987,-0.29784,0.090362,-0.27438,-0.35639,-0.15827,-0.39738,NaN,NaN,NaN
-0.098926,0.089587,0.19483,-0.0087647,0.053575,0.16474,-0.13452,0.064917,-0.27055,-0.18243,0.37036,0.40689,0.21025,-0.14517,-0.0026211,-0.10815,0.070155,0.093925,NaN,NaN,NaN
0.46968,0.36061,0.065262,-0.024763,-0.13218,-0.20997,0.28694,-0.27084,-0.44412,-0.32841,-0.26643,0.3512,0.12835,0.17683,0.16658,0.36704,-0.016407,0.22837,NaN,NaN,NaN
0.30937,-0.53265,-0.39131,-0.40049,-0.31223,0.058924,-0.39844,-0.53613,-0.27385,0.064014,-0.084112,0.54372,-0.26482,-0.61742,-1.0382,0.0094882,-0.18512,-0.31089,NaN,NaN,NaN
0.5021,0.41946,-0.20496,0.1949,-0.18484,0.26113,-0.12806,-0.10922,0.071356,0.051971,0.23954,-0.33823,0.36112,-0.2364,0.19947,-0.27423,0.01506,0.035846,NaN,NaN,NaN
-0.049141,0.27511,-0.23584,-0.28915,0.062884,0.20775,-0.47818,0.04508,0.29854,0.20494,-0.024589,-0.15207,-0.30893,-0.24882,0.10699,-0.32586,0.23703,0.044164,NaN,NaN,NaN
-0.45044,-0.10123,-0.57017,-0.16087,-0.26974,-0.13184,0.067802,-0.2645,-0.76858,0.099948,-0.22411,-0.37646,-0.44381,-0.46059,0.36202,-0.83941,-0.52592,-0.30598,NaN,NaN,NaN
0.1582,-0.15867,0.94163,0.43843,0.55611,0.12783,0.20353,0.25452,-0.57678,-0.2716,-0.16878,0.14539,0.18737,0.69451,0.19366,0.34972,-0.5804,0.61444,NaN,NaN,NaN
0.42803,-0.18442,0.23411,-0.10645,-0.098508,0.068488,-0.30677,0.10727,0.33843,-0.46416,-0.31726,0.021584,-0.21541,0.25819,-0.32674,0.70836,0.66301,-0.047129,NaN,NaN,NaN
-0.36718,0.23568,0.60196,-0.11427,0.30861,-0.11647,0.60789,0.21099,0.41872,0.10966,-0.58535,-0.19198,0.3949,0.71636,0.39758,0.35377,0.30177,0.23316,NaN,NaN,NaN
0.2365,0.27679,0.10879,-0.38679,0.1546,0.18795,-0.18588,0.19894,-0.28998,0.38606,0.51271,0.50986,-0.022203,-0.024939,-0.22041,0.46214,-0.28256,0.20707,NaN,NaN,NaN
0.42559,-0.13319,0.19686,0.4496,0.39415,0.16575,0.11997,0.097039,-0.19622,-0.38436,0.67936,-0.2369,-0.35489,0.37058,-0.07299,-0.13588,0.14469,0.25667,NaN,NaN,NaN
0.12569,0.46762,0.38972,0.8899,0.14904,0.042142,-0.040508,0.39847,-0.015916,-0.38772,0.48258,-0.16487,-0.36777,0.4443,0.14736,0.085853,-0.48791,0.11389,NaN,NaN,NaN
-0.19966,0.040378,-0.10955,-0.06975,-0.40793,0.031549,-0.06586,0.10991,-0.3221,0.28296,-0.23984,-0.14592,0.14181,-0.26106,-0.13831,-0.27362,0.31127,-0.11335,NaN,NaN,NaN
0.95971,0.52146,-0.079305,0.32602,0.23935,0.06274,0.30621,0.28031,-0.03847,0.62533,0.19654,0.25872,0.41243,-0.1243,-0.19528,-0.51911,0.30807,0.37689,NaN,NaN,NaN
0.12592,0.31122,0.4775,0.57363,0.12355,-0.071895,-0.055824,0.42407,0.19199,-0.21405,-0.23511,-0.38001,-0.71339,0.43246,0.531,0.39988,-0.353,0.42253,NaN,NaN,NaN
0.048816,0.0098751,-0.26542,-0.079541,-0.21813,0.099388,0.039448,-0.28221,0.27355,-0.3754,-0.48091,-0.054194,-0.073703,-0.42199,0.012696,-0.098661,0.075481,-0.12522,NaN,NaN,NaN
0.19238,-0.022798,-0.2036,-0.27164,-0.18768,-0.33085,-0.4557,-0.32951,-0.13453,-0.57913,0.084128,-0.5531,-0.33782,0.068927,-0.27669,-0.62865,-0.65902,-0.25177,NaN,NaN,NaN
0.35846,0.0011311,0.1152,-0.036802,0.31823,0.30764,0.21081,0.16183,-0.041448,-0.1251,0.50011,-0.53628,0.20737,-0.045617,0.35849,0.32605,-0.28175,-0.042779,NaN,NaN,NaN
0.15633,0.5412,0.043083,0.54107,-0.27414,0.0060913,0.25889,-0.10004,-0.77164,-0.17104,-0.30743,-0.16928,-0.28501,0.010722,-0.19968,0.11531,0.11689,-0.067905,NaN,NaN,NaN
0.64822,0.20078,-0.25983,0.20348,-0.19691,0.083399,0.14666,-0.059616,0.19983,0.43539,0.1833,-0.18459,0.47233,-0.53627,-0.39326,-0.077171,-0.073594,-0.020935,NaN,NaN,NaN
0.52238,0.16353,-0.20341,0.0068903,-0.0050392,0.043399,0.3095,0.17706,-0.41977,-0.18758,0.28119,0.43886,-0.1525,0.035954,-0.70638,0.16779,-0.20942,-0.18254,NaN,NaN,NaN
-0.2445,-0.12131,-0.04102,0.20936,-0.11484,0.24487,0.14343,0.053394,0.46791,0.017773,0.012856,0.36921,0.065531,-0.051657,0.03305,0.02526,0.010226,0.068618,NaN,NaN,NaN
-0.3551,-0.064532,-0.047661,-0.23766,0.13434,0.15093,0.10524,0.074369,0.63908,0.35395,0.033055,0.39441,0.5353,-0.20755,0.26243,0.20263,-0.39415,-0.0090734,NaN,NaN,NaN
-0.011967,-0.19713,-0.38441,0.21384,0.10257,0.064396,0.15788,0.16827,1.193,0.30074,0.033812,0.45232,0.25701,-0.27231,0.68025,-0.17201,0.17389,0.10255,NaN,NaN,NaN
0.62414,0.20096,0.61321,0.27481,0.19938,-0.017055,0.103,0.011442,0.20679,-0.19863,-0.13698,0.12618,-0.25569,0.28472,0.25218,0.51253,-0.40567,0.33506,NaN,NaN,NaN
0.08947,0.19576,0.23231,-0.048731,0.29353,0.0093391,0.32211,0.14876,0.21215,-0.37743,-0.19125,-0.2538,-0.096976,0.37635,-0.46003,-0.095381,-0.24914,-0.11719,NaN,NaN,NaN
-0.59956,-0.19618,-0.19287,-0.12284,-0.21252,0.29635,-0.27939,0.14044,0.28976,0.11643,0.07906,0.11469,-0.1146,-0.20201,0.061691,0.35221,0.27361,-0.17783,NaN,NaN,NaN
0.53167,-0.0043751,0.0051206,0.011006,-0.27201,0.053064,-0.17139,0.38686,-0.013301,-0.18239,-0.60477,-0.061337,0.18648,-0.015243,0.20327,0.17346,0.52613,0.027547,NaN,NaN,NaN
0.52101,0.19402,0.46769,0.074081,-0.11997,0.24659,0.32202,0.54123,-0.11241,0.021961,0.27043,-0.32058,0.63131,0.18568,-0.60638,0.27814,-0.30768,0.23482,NaN,NaN,NaN
0.25618,-0.08638,-0.041924,0.012131,-0.18587,-0.38931,0.10784,-0.0059714,0.27897,-0.37256,-0.042785,-0.03436,-0.10587,0.019705,0.11391,0.64184,0.18079,-0.51104,NaN,NaN,NaN
0.018942,-0.12761,-0.22067,-0.35476,0.12388,0.1463,-0.28209,0.048241,-0.29802,0.023748,0.21267,0.10188,-0.17148,-0.10234,-0.33757,-0.031714,-0.10063,-0.097399,NaN,NaN,NaN
0.1302,0.24931,-0.34809,-0.30538,-0.11727,-0.029371,0.12611,-0.43039,-0.64674,-0.096721,-0.033131,-0.40379,-0.22473,-0.42877,-0.1253,-0.61334,0.2917,-0.33855,NaN,NaN,NaN
0.034265,-0.0256,0.17271,-0.017769,0.031364,0.02939,-0.23913,0.19347,0.82632,0.1289,-0.25668,-0.0063759,-0.061003,0.6335,0.34481,0.27234,0.15077,-0.014775,NaN,NaN,NaN
0.36369,-0.092533,0.76659,0.17537,-0.026684,0.13663,-0.089638,0.061762,0.67139,-0.064794,-0.0058392,0.16954,0.00047845,0.45773,-0.06168,-0.046477,-0.28261,0.35922,NaN,NaN,NaN
-0.2485,-0.22999,-0.17535,-0.41549,0.10898,0.37233,-0.39179,0.0094268,0.66699,-0.23133,0.10097,0.27104,0.2257,-0.1255,0.42095,-0.011658,-0.042551,0.16305,NaN,NaN,NaN
-0.46132,0.099159,0.12473,-0.24084,0.54295,-0.048141,-0.26402,0.101,0.029498,0.45646,0.28159,0.35286,0.045379,0.20108,0.054557,-0.16277,-0.36143,0.094341,NaN,NaN,NaN
-0.23305,0.12469,0.29694,0.13779,0.20989,-0.14269,0.36796,0.0029781,0.026635,0.14918,-0.40667,-0.13129,0.085725,0.38402,-0.32862,-0.2033,-0.20687,0.18024,NaN,NaN,NaN
0.26467,-0.13303,-0.5305,-0.29703,-0.35561,-0.2352,-0.23691,-0.56438,-0.36701,-0.039145,0.049292,-0.075127,-0.060717,-0.3125,-0.5793,-0.8638,0.18607,-0.0084479,NaN,NaN,NaN
0.58743,0.72458,0.53553,0.62587,0.14759,-0.10881,0.62503,0.48098,-0.33735,0.39048,-0.20563,-0.23993,0.04317,-0.30702,-0.50757,-0.20217,0.26839,0.423,NaN,NaN,NaN
-0.0082216,0.16824,-0.060181,-0.26024,0.10767,0.056686,-0.027226,0.1504,-0.18111,-0.113,-0.28357,-0.11307,-0.11603,-0.068743,0.0079618,0.081783,0.4191,0.24639,NaN,NaN,NaN
0.092902,-0.13489,0.083908,0.11544,0.11094,0.05975,-0.038851,0.35381,-0.003493,-0.031962,0.12706,0.018366,0.25903,0.037378,-0.30702,0.071438,0.056919,0.31141,NaN,NaN,NaN
0.47118,-0.15984,-0.37421,-0.74801,-0.34598,-0.22216,-0.37359,-0.68698,-0.11002,0.036758,-0.31528,-0.15064,-0.30215,-0.077562,-0.0011501,0.13047,0.23786,-0.54777,NaN,NaN,NaN
0.71572,0.73847,0.37068,0.29847,0.17285,0.025489,0.045442,0.16467,0.48511,0.24962,0.22038,0.24452,0.28587,-0.052084,0.07676,0.34317,0.11785,0.52251,NaN,NaN,NaN
-0.7184,-0.097546,-0.29266,-0.17028,-0.28805,-0.21066,-0.17169,-0.11646,0.20708,-0.11699,-0.11281,-0.31535,-0.28818,0.11535,0.24766,-0.0022075,-0.40099,-0.3672,NaN,NaN,NaN
-0.57772,-0.23225,-0.40219,-0.44769,-0.41024,0.03314,-0.54477,-0.23395,0.42522,-0.57764,-0.13238,-0.14689,-0.21763,-0.21443,0.79676,-0.31151,-0.063524,-0.21798,NaN,NaN,NaN
0.052846,-0.089774,-0.11183,0.069822,-0.1941,0.20584,-0.091772,-0.063406,0.213,0.57354,0.26022,-0.059346,-0.23948,-0.10506,0.19321,-0.5523,0.19127,-0.13245,NaN,NaN,NaN
-0.15513,-0.12451,0.19628,-0.0062046,0.25306,0.16205,-0.32952,0.036967,0.16934,-0.14273,-0.18351,-0.31299,0.43288,0.044626,0.33852,-0.027615,-0.42782,-0.12492,NaN,NaN,NaN
-0.093417,-0.20881,-0.48724,-0.19582,-0.46883,-0.29738,-0.25522,-0.24298,-0.080008,0.2503,0.074193,-0.26216,-0.04084,-0.31921,0.33403,-0.35403,-0.51856,-0.49334,NaN,NaN,NaN
-0.42291,-0.36301,-0.0084481,0.30517,0.18193,0.14895,0.087106,0.60041,0.33299,-0.059743,-0.45023,0.040304,-0.36206,0.073923,-0.60944,-0.39607,-0.0039714,-0.0058997,NaN,NaN,NaN
0.0055822,0.17261,-0.047467,0.43156,-0.22216,-0.039951,0.048685,0.062109,-0.030359,-0.18562,-0.0024841,0.24086,0.022116,0.22192,0.21054,-0.13693,0.11763,-0.012498,NaN,NaN,NaN
-0.63009,-0.26265,-0.091703,-0.28346,0.069124,-0.19336,-0.31684,-0.27859,1.102,-0.068998,-0.02012,-0.095475,0.13942,-0.01345,-0.27566,-0.44441,-0.15962,-0.49214,NaN,NaN,NaN
-0.2902,0.20784,0.1448,-0.10249,-0.12887,0.12634,-0.064198,0.18592,0.37947,-0.03661,-0.38528,-0.20375,-0.070819,0.13107,-0.61927,0.33015,0.051299,0.15075,NaN,NaN,NaN
0.13088,0.11085,-0.22911,0.18122,-0.22031,-0.014659,0.044885,-0.057951,0.068031,0.15586,0.39749,0.11065,-0.06265,0.021271,0.1813,-0.055704,0.41019,0.17764,NaN,NaN,NaN
0.45545,-0.19082,-0.22457,-0.3407,-0.6567,-0.046405,-0.49587,-0.038526,-0.3266,0.19729,-0.25851,-0.5875,-0.16719,-0.23274,0.17183,0.24559,0.3065,-0.16562,NaN,NaN,NaN
0.11926,-0.15476,-0.17603,-0.11835,-0.23247,-0.3159,0.429,-0.1262,-0.21977,-0.33594,-0.24356,-0.16838,0.25075,-0.1085,-0.26289,0.50967,0.32734,0.025349,NaN,NaN,NaN
-0.52824,-0.33242,-0.40556,0.09867,-0.035756,-0.22878,0.36198,0.10367,0.43934,-0.16771,-0.27224,-0.18111,-0.073938,-0.23881,-0.39038,0.7588,-0.22244,0.096398,NaN,NaN,NaN
-0.47672,0.13823,0.23127,0.2763,0.42893,0.17073,-0.14682,0.59447,0.19869,0.17228,0.59397,0.29755,-0.18153,-0.24724,0.019963,-0.002112,-0.096913,0.074563,NaN,NaN,NaN
-0.69665,-0.17197,0.52262,0.56454,0.22604,0.26637,0.20122,0.45513,0.22809,0.12988,-0.12673,-0.12786,-0.089108,0.67535,0.11602,0.41467,0.30338,0.30484,NaN,NaN,NaN
-0.44754,0.25725,0.17576,-0.25675,-0.1623,-0.14675,-0.030038,-0.062174,0.10098,-0.064598,-0.31556,-0.18294,0.12788,0.073763,-0.27587,-0.10943,0.040716,0.25288,NaN,NaN,NaN
-0.18111,-0.29254,-0.13654,0.014815,-0.049517,-0.36146,0.18736,-0.23044,-0.092593,-0.60267,-0.043001,-0.11014,-0.50767,-0.1188,0.4379,0.20042,0.032069,-0.13054,NaN,NaN,NaN
0.5913,0.14508,0.23935,0.12567,0.23055,0.094475,0.31626,0.18346,0.30193,-0.43089,-0.32531,0.11031,-0.30892,-0.082535,-0.046124,0.088092,0.43869,0.50759,NaN,NaN,NaN
0.14112,-0.066827,0.05495,0.098746,-0.13864,-0.21567,0.059023,-0.12278,-0.21656,-0.288,-0.20119,-0.44543,0.18676,0.077891,0.35627,-0.10544,0.14033,0.17547,NaN,NaN,NaN
0.068688,-0.33656,-0.80783,-0.25132,-0.66065,-0.063953,-0.13473,0.057468,-0.11479,0.5353,-0.059548,-0.11997,0.22779,-0.59871,-0.17024,-0.3931,-0.22016,-0.23331,NaN,NaN,NaN
-0.22275,-0.06018,-0.072507,-0.11533,-0.05462,-0.02331,-0.40664,0.087813,0.18105,-0.085713,0.076035,-0.11142,-0.11462,-0.095076,0.33733,0.15612,-0.069715,-0.043889,NaN,NaN,NaN
0.69184,-0.11604,-0.66272,-0.19034,-0.43438,-0.26352,-0.52983,-0.24159,0.30769,0.089749,0.29981,-0.0079431,-0.21483,-0.16654,0.36602,-0.21826,-0.51407,-0.28066,NaN,NaN,NaN
0.32147,0.4364,0.17844,0.14321,0.3905,-0.13892,0.072459,-0.0018613,-0.010367,0.93015,-0.25513,-0.30902,-0.15121,-0.010009,0.38792,0.093926,0.48688,0.18836,NaN,NaN,NaN
-0.23009,0.36187,0.27867,0.27914,0.35322,0.093446,0.082531,0.0255,-0.0013769,0.16516,-0.062489,0.15224,-0.2917,-0.13107,0.028437,0.18648,-0.17321,0.18232,NaN,NaN,NaN
-0.12758,-0.11322,0.0053588,-0.23925,0.10901,-0.13409,-0.32495,0.0081536,0.028672,-0.14327,0.3775,0.46747,-0.10897,0.31947,-0.17977,-0.11477,-0.26318,0.24571,NaN,NaN,NaN
0.47921,0.3354,-0.1486,0.23937,-0.44406,0.22828,-0.006691,-0.34478,-0.46526,-0.060793,-0.1961,0.064944,0.22638,0.058114,-0.031391,-0.25991,0.15112,-0.042019,NaN,NaN,NaN
0.051485,-0.22812,0.037181,-0.12831,-0.028555,0.13178,0.43564,0.17243,0.22538,0.065698,-0.4342,0.17243,-0.074798,0.10452,-0.39393,-0.032266,-0.30975,0.096973,NaN,NaN,NaN
-0.19768,0.077527,-0.13946,-0.035769,0.089442,0.022916,-0.12976,-0.36537,0.11813,-0.011137,0.025786,-0.26056,-0.15148,-0.14693,-0.20958,-0.59677,-0.4964,-0.30044,NaN,NaN,NaN
-0.19698,0.073715,0.20235,-0.00093073,0.15867,-0.3952,-0.26293,-0.1774,0.098838,0.24506,0.12726,0.065772,-0.13637,0.15719,0.78384,-0.10524,-0.15772,-0.0054186,NaN,NaN,NaN
-0.12751,-0.58608,-0.60233,-0.24853,-0.46014,0.3173,0.15975,-0.13405,0.22812,0.3287,0.24126,0.18258,0.09204,-0.55744,-0.13867,-0.48048,-0.0093385,-0.31779,NaN,NaN,NaN
-0.45225,0.1874,0.38036,0.14066,0.23403,0.11519,0.25062,-0.17202,-0.46223,0.012378,0.2879,-0.37415,0.27222,0.396,0.015983,-0.24935,-0.27849,0.011232,NaN,NaN,NaN
0.21086,0.22854,0.41832,0.26616,0.51465,0.2461,-0.064732,0.13403,-0.028196,0.34808,0.48086,0.70763,0.19741,0.54308,0.21671,0.092549,-0.012445,0.24753,NaN,NaN,NaN
-0.1872,0.17046,-0.1192,0.15017,0.050028,-0.23527,-0.30689,0.19743,0.60364,0.047224,0.29802,0.47017,-0.062062,-0.19511,-0.25705,-0.25107,-0.11668,0.0083373,NaN,NaN,NaN
-0.05969,-0.19908,-0.34832,0.17951,0.11573,0.13059,0.16084,0.27341,0.0080034,-0.20778,-0.18825,0.31237,-0.27252,-0.49637,-0.50399,-0.28379,0.35457,-0.45666,NaN,NaN,NaN
0.048381,-0.30228,0.053272,0.45126,0.51617,0.23466,0.4583,0.28418,-0.02732,0.62321,-0.038296,0.39733,-0.15272,-0.20824,-0.2986,0.13427,-0.061062,-0.047196,NaN,NaN,NaN
0.83244,0.45081,0.52116,0.39036,0.5222,0.39309,0.38565,0.1463,0.058137,0.14988,0.098975,0.40099,-0.10209,0.064131,-0.14149,-0.062888,0.22758,0.39851,NaN,NaN,NaN
-0.15564,0.1603,-0.064269,0.41061,0.27649,0.36589,0.12612,0.057407,0.019605,0.30187,-0.15024,-0.17773,0.053098,-0.14602,0.037927,-0.13471,0.38985,0.0059699,NaN,NaN,NaN
-0.057828,-0.036753,0.015024,0.081743,0.0019131,-0.049036,-0.00080485,-0.1315,-0.010577,-0.32872,0.42613,0.84587,0.022801,0.27245,-0.8206,-0.036627,-0.22907,0.037121,NaN,NaN,NaN
-0.086696,0.29221,0.52069,0.47554,0.0003553,0.010504,0.18055,0.37919,0.3098,0.3404,-0.29691,-0.011635,0.1091,0.70706,0.42109,0.29306,-0.2172,0.15238,NaN,NaN,NaN
0.041101,-0.060825,-0.42168,0.23167,0.22211,0.040318,0.24757,0.31672,0.13778,0.22678,0.28377,0.20142,0.21148,-0.2722,0.52288,-0.083486,-0.017055,-0.19107,NaN,NaN,NaN
0.0024814,0.21799,0.098522,0.28947,-0.29179,0.37719,0.5568,0.19968,0.59428,-0.53792,0.11919,0.31745,-0.020907,-0.14403,0.15049,-0.059308,0.26321,-0.005559,NaN,NaN,NaN
-0.55026,-0.026588,-0.0064562,0.39598,-0.066685,-0.074135,0.21701,0.03286,0.21278,-0.11482,-0.14391,0.068146,0.10857,-0.1288,-0.5221,-0.098777,-0.65449,-0.4424,NaN,NaN,NaN
-0.31516,0.10468,-0.27479,-0.070755,-0.065985,-0.15966,0.33105,-0.70303,-0.29981,0.41729,0.11973,-0.05731,-0.049408,-0.0016138,0.029393,-0.25002,0.36185,-0.11946,NaN,NaN,NaN
-0.059205,-0.27298,0.21064,-0.23686,0.16338,0.19772,0.11991,-0.19269,-0.30389,0.15157,-0.33997,0.42951,0.11124,0.21943,-0.11472,-0.58576,-0.20883,0.06862,NaN,NaN,NaN
0.24021,0.037424,-0.16768,-0.059168,-0.20967,0.099163,0.0027257,0.10061,-0.33105,0.15916,-0.15722,-0.24198,-0.17701,0.29352,-0.41687,-0.38284,0.25764,-0.1778,NaN,NaN,NaN
0.14142,-0.0044505,-0.17665,-0.031768,-0.099797,-0.071979,-0.10679,-0.25926,-0.0018604,-0.12746,0.19186,0.091515,-0.00121,-0.20018,-0.29832,-0.015059,0.70301,0.017349,NaN,NaN,NaN
0.021229,-0.25896,-0.07844,-0.16999,0.14332,0.028714,-0.16922,-0.061527,-0.016147,0.23922,0.098017,-0.30121,-0.14335,0.22727,-0.31487,0.21047,-0.21204,-0.11998,NaN,NaN,NaN
0.14596,0.31922,0.41244,0.20842,0.0033939,0.19662,0.25277,-0.027685,-0.41297,0.202,0.099018,-0.0062602,-0.096521,0.4285,-0.46624,0.60718,-0.0079166,0.16616,NaN,NaN,NaN
-0.011631,0.2628,-0.26792,-0.23258,-0.27547,-0.15031,0.36024,-0.46275,-0.31473,-0.20951,-0.18928,-0.16336,0.079911,-0.34736,-0.67303,-0.48401,-0.24678,0.014128,NaN,NaN,NaN
0.066961,0.15888,0.2587,0.0947,-0.064336,0.25463,-0.4762,0.38796,0.050505,0.36117,0.092702,-0.053267,0.19257,0.030493,-0.35152,0.21789,-0.15431,0.2064,NaN,NaN,NaN
-0.28688,0.3198,0.097736,-0.028888,-0.099754,0.022134,-0.20035,0.0098642,0.012224,0.11522,0.24115,0.037386,0.34096,0.17358,-0.17014,0.15711,-0.085402,0.10171,NaN,NaN,NaN
-0.20554,0.37559,0.21557,0.21636,0.035616,0.21626,0.38473,0.16623,0.35595,-0.028047,-0.094416,-0.17065,0.14215,0.17804,1.046,0.089658,-0.1474,0.13337,NaN,NaN,NaN
-0.00091352,-0.13872,-0.46727,-0.52035,-0.40752,-0.39045,-0.71653,-0.26758,-0.11119,-0.72466,0.13503,-0.10264,-0.36738,-0.059898,-0.16043,-0.24591,-0.42116,-0.49099,NaN,NaN,NaN
-0.033302,0.17042,-0.088139,-0.4852,-0.044269,-0.30222,-0.13788,-0.60542,-0.018769,-0.011893,-0.10929,-0.40066,-0.3207,-0.18416,-0.25062,-0.22308,0.012344,-0.29886,NaN,NaN,NaN
0.25764,0.10065,-0.23284,-0.087896,-0.60201,0.43092,-0.12201,0.17847,0.39956,0.031583,0.45206,0.065275,-0.19761,-0.34396,0.43575,-0.5789,0.21556,0.20528,NaN,NaN,NaN
0.41162,0.078357,0.021533,-0.055735,-0.047101,0.18227,-0.16979,0.28624,0.17852,0.1739,-0.025742,0.033091,0.15248,0.0082647,0.14097,0.031601,0.1596,0.21264,NaN,NaN,NaN
-0.27236,-0.014909,-0.23182,-0.078628,-0.13304,-0.29175,-0.29624,-0.27834,0.72579,-0.1262,-0.1443,0.39107,-0.26763,-0.28637,-0.36677,-0.23328,-0.011567,-0.14518,NaN,NaN,NaN
-0.087029,0.044071,0.15733,0.22648,0.25335,0.029714,-0.010344,-0.074837,0.33309,0.20053,-0.35663,0.050169,-0.18512,-0.026226,0.57508,0.12932,-0.51497,0.13742,NaN,NaN,NaN
-0.53824,-0.24325,-0.59139,-0.26493,-0.34726,0.20307,0.19216,0.13255,0.38889,0.33085,-0.13561,0.10544,0.43069,0.51216,0.86163,0.00010207,1.0139,-0.61539,NaN,NaN,NaN
-0.47427,-0.16158,0.10519,-0.23411,-0.14593,-0.27636,0.063375,-0.37416,0.16943,-0.26827,-0.92189,-0.35675,0.1615,0.16015,0.52138,0.15054,-0.15574,-0.093476,NaN,NaN,NaN
0.32234,-0.012374,0.21888,0.095053,0.056077,-0.020833,0.30977,0.0029498,0.10973,0.28153,-0.2608,-0.3701,0.025156,0.58032,-0.17842,0.4096,0.22414,0.33104,NaN,NaN,NaN
-0.55919,-0.27028,0.010748,-0.28445,0.1801,-0.11018,-0.19759,0.034679,-0.03522,-0.044422,-0.16899,-0.23109,-0.18902,-0.042843,0.21988,0.021425,-0.19117,-0.10262,NaN,NaN,NaN
0.09025,0.033992,0.2755,0.3519,0.26477,0.44521,0.57419,0.29933,-0.93161,0.46704,0.077177,0.14776,0.25434,0.54637,0.038103,0.072813,0.47897,0.13709,NaN,NaN,NaN
-0.16398,-0.032562,-0.057556,0.35932,0.28106,0.16452,0.34018,0.028648,0.06747,0.049405,0.029897,0.21534,-0.49355,0.031952,-0.065138,0.016207,0.2092,-0.067552,NaN,NaN,NaN
0.056526,-0.059195,-0.12596,-0.026848,-0.37255,-0.13925,-0.34795,-0.040058,0.31887,-0.46265,0.22172,0.17224,-0.51217,-0.39425,-0.035276,0.94233,0.069411,0.092931,NaN,NaN,NaN
-0.04708,-0.23288,-0.44161,-0.031059,-0.012368,0.086559,-0.085304,0.033505,-0.011588,-0.27114,0.23955,0.14282,-0.13753,0.11345,0.016329,0.48329,0.070464,0.092051,NaN,NaN,NaN
-0.052108,0.41683,-0.0072064,0.0070794,-0.43886,-0.047747,-0.028243,0.060111,0.019584,0.097589,-0.36914,-0.55955,0.22434,0.17928,-0.016079,0.056166,0.03683,0.11208,NaN,NaN,NaN
0.18456,-0.059207,-0.35487,-0.14415,-0.17634,-0.021631,-0.39182,0.28134,-0.27621,0.30885,-0.1633,-0.37463,-0.17512,-0.4972,-0.19504,-0.13408,-0.13078,0.017574,NaN,NaN,NaN
0.22196,0.22018,-0.10533,0.053427,-0.26655,0.10572,0.23797,-0.40212,-0.54431,-0.10546,0.49107,0.39471,-0.073847,0.28581,1.0978,-0.089904,-0.27006,0.35888,NaN,NaN,NaN
-0.1367,-0.12118,-0.59276,-0.30339,0.21416,-0.24344,-0.092997,-0.0073653,0.013295,-0.018832,-0.28827,-0.1456,-0.26023,-0.10889,-0.31059,-0.17873,-0.020633,-0.38706,NaN,NaN,NaN
-0.0013514,-0.2038,-0.26936,0.16718,-0.20415,0.070697,0.11981,-0.092899,-0.085889,0.18444,0.086801,0.32067,0.26365,0.043741,-0.13505,-0.36291,0.055389,0.24634,NaN,NaN,NaN
-0.33555,-0.24329,-0.29062,-0.055122,-0.077059,0.21687,-0.2368,0.10035,-0.1774,-0.015528,-0.04098,0.11533,0.13591,0.0061621,-0.24637,-0.046384,-0.29062,-0.18565,NaN,NaN,NaN
0.066314,-0.26297,-0.11018,0.16643,-0.02238,-0.088732,0.098179,0.36414,0.43184,0.047652,0.089968,0.3083,-0.17958,-0.081613,-0.040984,0.028278,-0.13219,0.12121,NaN,NaN,NaN
0.10034,0.085991,0.21119,0.18781,0.27514,0.2651,0.083047,-0.034356,-0.16444,-0.1205,-0.11207,-0.36881,0.56764,-0.061914,0.16481,0.71397,0.13626,0.19534,NaN,NaN,NaN
-0.17388,0.0064638,0.2571,0.070033,0.24317,-0.22539,0.12652,0.31148,-0.033556,-0.2874,0.1777,-0.063615,-0.17501,-0.019866,-0.10378,-0.42127,0.23973,-0.10963,NaN,NaN,NaN
-0.24603,0.22861,0.072731,-0.11854,0.0056368,0.35909,0.16026,-0.006312,-0.41018,0.084141,-0.14095,0.056664,-0.094047,0.20679,-0.082187,-0.27882,-0.37244,0.26456,NaN,NaN,NaN
-0.19293,0.19537,-0.14864,-0.25239,-0.19174,0.12788,-0.14166,0.36223,0.57103,0.53238,0.02785,-0.20734,0.099351,-0.1369,0.21428,-0.45518,0.43342,-0.19938,NaN,NaN,NaN
-0.055323,-0.0012901,0.08819,-0.052538,0.32599,0.1286,0.14296,0.087269,0.38596,0.2009,0.62858,0.44926,0.18683,0.046979,0.46425,0.19425,0.24354,0.088868,NaN,NaN,NaN
0.19213,-0.045607,0.14742,0.25106,0.23166,0.32962,-0.12868,0.60545,-0.25424,0.035318,0.29932,0.38008,0.22519,0.16322,-0.54591,-0.17386,0.010246,0.11595,NaN,NaN,NaN
0.36528,0.23671,0.2185,0.28598,0.23267,-0.22474,0.18181,0.1195,0.14153,-0.44411,-0.51872,0.050179,-0.29088,0.37812,-0.11083,0.55657,0.059118,-0.23044,NaN,NaN,NaN
0.093974,-0.64782,-0.054701,-0.67171,-0.52359,-0.53869,-0.42337,-0.64719,0.067882,-0.86037,-0.19493,-0.53356,-0.79464,-0.48677,-0.054733,-0.22538,-0.55379,-0.62528,NaN,NaN,NaN
0.58086,0.29687,-0.28989,0.19791,-0.02779,0.19147,0.18061,-0.17307,0.15571,0.2761,-0.23317,-0.22776,0.21899,-0.053351,-0.2418,-0.28494,0.22247,-0.27601,NaN,NaN,NaN
-0.11899,-0.21052,0.26589,0.061111,0.36458,-0.23754,-0.051635,0.18247,0.0023832,-0.16407,0.14939,0.14872,0.071638,-0.079121,-0.54069,-0.13866,-0.48245,0.111,NaN,NaN,NaN
-0.17668,-0.42113,0.18889,-0.56945,-0.46289,-0.090051,-0.17987,-0.30426,0.023752,-0.23766,-0.10643,-0.10321,0.18663,0.32507,-0.025261,0.032802,-0.030428,-0.058878,NaN,NaN,NaN
-0.18881,-0.059717,-0.27176,-0.31127,-0.01399,-0.10221,-0.097071,0.049073,0.096365,-0.53769,0.0023545,-0.16427,-0.27274,-0.094615,-0.37489,-0.18261,0.4412,-0.3095,NaN,NaN,NaN
0.018448,0.26027,0.54761,0.38608,0.09546,0.079199,0.0013755,0.48278,-0.020979,-0.046391,-0.060583,-0.2441,0.10228,0.35733,0.35675,0.38746,0.087666,0.14474,NaN,NaN,NaN
-0.49787,0.033373,0.45512,-0.02359,0.11492,0.21288,-0.42539,0.24135,0.22908,0.55086,0.4114,0.43035,-0.78778,0.26782,0.021036,0.41397,0.10268,0.087063,NaN,NaN,NaN
-0.11775,0.030416,0.26771,-0.0097456,0.58762,0.60052,0.56817,0.3583,0.51189,0.24044,-0.33929,0.35584,0.6706,-0.10323,-0.11967,-0.13135,0.7162,0.24053,NaN,NaN,NaN
0.054913,0.23425,0.08355,-0.034746,0.10364,0.21979,0.057432,0.29593,0.27934,0.31387,-0.23654,-0.017986,-0.043824,0.019309,0.28734,0.3543,-0.17578,0.23826,NaN,NaN,NaN
-0.35279,0.042591,-0.20389,-0.27949,-0.26751,0.39448,0.31577,-0.063848,0.16535,0.24542,-0.40712,-0.33968,-0.099652,-0.57648,0.010179,-0.057324,0.075311,0.075055,NaN,NaN,NaN
0.10939,0.49488,0.28122,0.084978,0.32454,0.085606,0.18918,0.28228,-0.90847,0.19868,-0.4024,-0.42023,0.66548,0.36787,-0.23243,0.46929,-0.16964,0.08908,NaN,NaN,NaN
-0.072093,0.032922,-0.014621,0.060099,-0.01043,-0.0047058,0.27639,0.10053,-0.032744,0.27393,-0.28544,-0.21441,-0.12354,0.29835,-0.090031,-0.29912,0.18787,-0.30241,NaN,NaN,NaN
-0.29561,0.15544,-0.16893,-0.2594,0.14223,-0.19781,-0.39906,-0.0583,-0.65506,-0.24355,-0.67883,-0.1413,-0.49125,-0.18416,0.034342,0.14849,-0.12148,-0.088252,NaN,NaN,NaN
-0.4221,-0.31879,0.17775,-0.097314,0.2337,-0.13641,0.18594,-0.12465,0.18853,-0.4129,0.086218,0.1224,0.03952,0.43269,0.080892,0.80455,-0.10357,0.28571,NaN,NaN,NaN
0.42681,0.0021988,-0.32179,0.0079497,0.014328,-0.047191,-0.54231,-0.46264,0.027056,-0.46545,0.55159,0.84073,-0.16488,0.37285,-0.056203,0.36393,-0.50315,-0.070077,NaN,NaN,NaN
-0.18332,0.11559,0.17968,0.18027,0.21882,-0.055536,0.61376,0.084624,0.3343,0.60012,-0.22126,-0.14236,-0.02025,-0.035883,0.57299,-0.024796,-0.27002,-0.030338,NaN,NaN,NaN
-0.08882,0.13348,0.27659,0.32291,-0.22196,-0.092891,0.37921,0.15165,0.052655,-0.26015,0.0094158,0.16736,-0.32289,-0.029425,-0.28113,-0.66639,0.5676,0.38133,NaN,NaN,NaN
-0.26491,-0.25235,0.46522,0.1089,0.3181,0.29802,0.1366,0.14804,-0.51177,0.1929,-0.11558,0.084193,0.083526,0.019191,0.47828,0.24354,-0.05969,0.45064,NaN,NaN,NaN
-0.16793,0.19248,0.090198,-0.17058,-0.45705,-0.050303,-0.39842,-0.093153,0.26058,0.36024,0.033581,0.21225,-0.14496,-0.14203,1.0616,0.083036,-0.56119,-0.12722,NaN,NaN,NaN
-0.30225,0.053158,0.11196,0.55978,-0.032904,0.11304,0.58557,0.11863,0.26384,0.18589,0.30084,0.37446,0.32379,-0.38708,0.31913,0.57739,0.36339,0.2314,NaN,NaN,NaN
0.18524,-0.11348,0.48825,0.24668,0.068366,0.24958,0.054558,0.36008,-0.32001,0.037866,0.084427,0.37642,-0.23525,-0.12797,-0.79843,0.039266,0.036121,0.311,NaN,NaN,NaN
-0.32022,0.077442,-0.091532,0.08013,-0.083872,-0.23922,0.061801,-0.027707,-0.328,-0.077942,-0.27616,-0.25653,-0.24786,-0.15065,-0.69018,0.074643,0.16803,-0.046189,NaN,NaN,NaN
-0.13192,0.012753,0.29046,-0.027312,0.032403,0.051182,0.32546,0.027688,-0.12745,-0.099914,0.028455,0.11537,-0.028118,-0.10005,-0.073528,-0.0080415,0.11594,0.10391,NaN,NaN,NaN
-0.040678,-0.04966,-0.1647,-0.21468,-0.20975,-0.34821,-0.19615,-0.54032,-0.34297,0.034607,-0.0091856,-0.17356,-0.090129,0.33518,-0.42219,-0.073843,-0.335,-0.012487,NaN,NaN,NaN
-0.24218,0.23384,0.12987,0.47101,0.22244,-0.069323,-0.034329,-0.18229,0.30594,-0.12247,0.33193,0.12781,0.2281,0.51783,-0.63949,-0.062909,0.10189,0.1838,NaN,NaN,NaN
-0.028591,-0.098939,0.46888,0.044437,0.32527,0.048784,-0.013225,-0.0015304,1.0466,-0.27205,0.60458,0.52642,0.10043,-0.13082,-0.016243,0.12911,-0.85143,0.080527,NaN,NaN,NaN
-0.36727,0.10033,-0.12611,0.24903,-0.1985,-0.057061,0.67854,0.12724,-0.044152,-0.13819,-0.31792,-0.080034,0.1415,-0.11227,-0.79246,-0.32176,0.028631,-0.031989,NaN,NaN,NaN
0.1801,-0.1115,-0.40154,-0.49921,-0.37465,-0.26393,-0.16672,-0.62448,-0.17183,0.23319,-0.23669,-0.05804,-0.034989,-0.08797,0.32603,-0.090141,0.39692,-0.45986,NaN,NaN,NaN
0.8284,1.4006,1.1722,0.81545,0.71738,1.1836,0.92439,0.649,-0.94253,0.96767,-0.11812,0.10782,0.89417,1.3654,1.1099,1.6986,1.0248,1.2992,NaN,NaN,NaN
0.015779,-0.24893,-0.23339,0.21895,-0.26633,-0.30233,0.11952,-0.10991,-0.18953,0.34317,0.10881,-0.23671,0.1307,-0.15682,-0.50804,0.16348,-0.32314,-0.46095,NaN,NaN,NaN
0.25959,0.22823,0.084941,0.16182,0.28315,-0.042474,0.040351,-0.21948,0.12672,0.044022,0.45243,0.19733,0.059509,0.46896,-0.26533,0.055319,-0.040714,-0.043503,NaN,NaN,NaN
-0.30606,0.017223,0.30421,-0.0051256,0.2669,-0.33244,0.35368,-0.30134,0.51754,-0.31471,0.13965,0.10298,0.1498,0.22883,0.02108,0.14632,-0.17541,-0.049583,NaN,NaN,NaN
0.11328,0.091787,0.41629,0.1717,-0.19689,0.15071,-0.25573,0.28294,0.006603,0.014663,0.15878,0.10602,0.20001,0.34097,-0.35249,-0.092942,-0.018877,0.05659,NaN,NaN,NaN
-0.060811,-0.10686,0.027293,0.079284,0.14083,-0.064401,0.26648,0.028625,-0.084493,-0.071928,0.14619,0.51219,0.16255,-0.1757,0.042124,0.23665,0.069754,-0.054186,NaN,NaN,NaN
-0.056926,0.013698,0.35005,-0.018767,0.03272,-0.18208,-0.020954,0.051557,-0.39366,-0.45375,-0.38276,-0.29929,0.029,0.58755,0.29164,0.50319,-0.46688,0.095496,NaN,NaN,NaN
0.10352,0.009888,0.31653,0.43171,0.45298,0.03348,0.18535,0.16797,-0.10205,0.029313,0.027205,0.56706,0.17797,0.21541,0.1205,-0.20344,0.47933,0.19565,NaN,NaN,NaN
0.15643,-0.023554,0.14229,-0.50292,-0.10587,-0.24091,0.062376,-0.044428,0.026285,-0.22576,0.20392,-0.0091349,0.059021,-0.33992,0.38784,-0.37364,0.25042,-0.13754,NaN,NaN,NaN
-0.38579,-0.22982,-0.28743,-0.26808,-0.88678,-0.43441,-0.22976,-0.39289,-0.97853,0.20704,-0.27663,-0.50984,-0.095148,0.19206,-0.62002,-0.49286,-0.37276,-0.39788,NaN,NaN,NaN
-0.13364,-0.26896,-0.5546,0.11331,-0.22557,-0.032354,-0.074563,0.27781,-0.15237,0.029607,-0.44771,-0.19949,0.20483,-0.49308,-0.20592,-0.50748,0.30773,-0.26887,NaN,NaN,NaN
0.37991,0.32429,0.21939,-0.63829,-0.18852,-0.31523,-0.3289,-0.40503,-0.19086,-0.41761,-0.24089,-0.083528,-0.092795,0.13958,0.16622,0.0013856,0.041564,0.26798,NaN,NaN,NaN
0.11154,0.34131,-0.032826,0.2676,0.11742,0.16071,0.28535,-0.068072,0.13484,0.2603,-0.050063,-0.032062,-0.049022,-0.33372,0.060024,-0.065348,-0.45206,0.27644,NaN,NaN,NaN
-0.073309,-0.33465,0.39559,-0.09342,-0.06795,-0.038353,0.46959,0.068473,0.39805,0.23784,0.42005,-0.061024,0.38437,-0.012998,-0.34549,-0.35541,-0.21407,0.08585,NaN,NaN,NaN
0.19529,0.14921,-0.015372,0.0089649,-0.11758,0.19913,-0.54324,0.086279,0.033953,0.083533,0.42052,-0.24653,0.16782,0.079533,0.66704,-0.2049,0.50525,-0.18111,NaN,NaN,NaN
-0.015316,0.053536,0.20668,0.012098,-0.14938,-0.1412,0.14124,0.18722,0.050018,0.12032,-0.19366,0.064163,0.39579,0.47323,0.52324,-0.081858,0.41875,0.17159,NaN,NaN,NaN
0.28644,0.16791,0.34494,0.54501,-0.19689,-0.080844,0.19964,0.34251,-0.12447,-0.19662,0.10721,-0.063003,-0.6248,0.35925,0.24355,-0.12946,0.21413,-0.0094278,NaN,NaN,NaN
-0.21686,-0.010294,0.38055,0.35286,0.27775,0.19906,0.1541,0.34764,0.51181,-0.2885,-0.18592,0.27664,0.31983,0.33554,-0.7021,0.078062,-0.13878,0.20505,NaN,NaN,NaN
-0.14503,-0.23161,-0.048855,-0.1857,-0.19246,-0.18046,0.024155,0.17447,0.36441,-0.25891,-0.010913,0.11523,-0.10613,0.21938,-0.039845,0.17233,-0.14075,-0.27989,NaN,NaN,NaN
0.22445,-0.34258,-0.24583,0.28629,-0.48154,0.21383,0.144,0.35813,0.70046,0.71359,0.13642,0.248,0.053248,0.032968,-0.0095097,-0.27262,0.23988,-0.12635,NaN,NaN,NaN
0.026561,0.18642,0.32148,-0.10819,0.41807,0.044904,0.30989,0.32446,0.064737,0.28543,-0.028614,-0.27435,0.28483,-0.29874,0.68702,0.43487,0.26352,0.17923,NaN,NaN,NaN
0.2523,0.1435,0.074012,0.19799,-0.11385,-0.15029,-0.15989,-0.10169,0.012074,-0.0017777,0.00048245,0.22983,-0.26865,-0.0035868,-0.093139,-0.15829,-0.56183,0.17281,NaN,NaN,NaN
-0.11292,0.095819,-0.30961,-0.37172,-0.039325,-0.19983,-0.11611,-0.26479,-0.61126,-0.10196,-0.12755,-0.1895,-0.63264,-0.67641,0.30453,-0.34371,0.13925,-0.044121,NaN,NaN,NaN
-0.086666,-0.14587,-0.00059326,-0.091246,0.24599,0.049935,0.09102,-0.15992,-0.34738,0.47297,-0.16433,0.14336,0.32117,0.21525,0.62417,0.18565,0.13151,0.20526,NaN,NaN,NaN
-0.013724,0.17523,0.10044,-0.031839,-0.14435,0.29437,-0.50317,0.27358,-0.044584,-0.006194,-0.12593,-0.011599,-0.15954,0.19803,-0.47502,-0.096852,-0.15621,0.50476,NaN,NaN,NaN
0.34703,0.13067,-0.14161,-0.18393,-0.072875,0.033503,-0.33662,0.013012,-0.29019,-0.024529,-0.04991,0.004737,-0.23866,0.064187,0.10272,0.081135,-0.022536,0.20821,NaN,NaN,NaN
0.44411,0.19919,0.48262,0.43035,-0.067236,0.2271,0.059168,0.65044,-0.056706,0.11389,0.13391,-0.31081,0.05619,0.11881,-0.24875,0.50044,0.21291,0.22695,NaN,NaN,NaN
-0.21927,0.28649,0.23567,0.32186,0.33505,-0.22078,0.43838,0.027565,0.14758,0.059219,0.15463,0.13627,-0.084656,0.26976,-0.51306,-0.27337,0.24885,0.10859,NaN,NaN,NaN
0.018921,-0.12757,0.030586,-0.17135,0.39142,-0.017744,-0.1428,-0.16642,-0.14812,0.18821,0.58707,0.51132,0.014805,-0.29961,-0.02449,0.33562,0.43979,0.019256,NaN,NaN,NaN
-0.018488,-0.29474,-0.12376,-0.28476,-0.35186,0.022971,-0.0053718,-0.37635,-0.33714,-0.15918,-0.24202,-0.084482,-0.15208,-0.32561,-0.062296,-0.084069,0.1153,-0.1453,NaN,NaN,NaN
-0.043915,-0.25396,-0.26531,0.046318,-0.1878,-0.061833,0.046505,0.08533,0.249,0.19517,0.47038,-0.24984,0.19622,-0.24768,0.1274,-0.046605,-0.32596,0.085831,NaN,NaN,NaN
0.74816,0.13178,0.1438,0.43314,0.081532,-0.3368,0.21546,0.028131,-0.24727,0.23143,0.03586,-0.20159,0.083831,0.18638,-0.48171,0.20376,-0.15852,0.062539,NaN,NaN,NaN
-0.16302,-0.1317,0.32646,0.30555,0.40603,0.12695,0.065006,0.12255,0.66857,-0.016216,0.069363,-0.11595,0.18074,0.34659,0.15287,0.43448,-0.30176,0.21132,NaN,NaN,NaN
-0.51723,-0.030551,-0.62821,-0.55866,-0.31755,-0.17394,-0.35175,-0.46118,0.20279,-0.51149,-0.29493,0.14731,0.196,-0.15807,0.14696,-0.71416,-0.34875,-0.05678,NaN,NaN,NaN
0.32705,0.26526,-0.43773,-0.029246,-0.2561,-0.057754,-0.17137,0.1104,-0.4057,0.36894,-0.051413,0.18359,0.57978,-0.43901,0.94464,0.10393,0.38491,-0.34562,NaN,NaN,NaN
0.29163,0.30241,0.10953,0.59283,0.29172,0.2517,0.20467,0.34047,-0.43267,0.55447,-0.17025,-0.10188,-0.072943,-0.029242,-0.058976,-0.030436,-0.089261,-0.0078592,NaN,NaN,NaN
0.20926,0.43568,0.018022,0.032241,0.0088449,0.25182,-0.07173,0.10228,-0.089263,0.17006,-0.13007,-0.10617,0.4357,-0.099706,0.31396,-0.41372,0.58249,0.26591,NaN,NaN,NaN
-0.26814,0.058245,-0.23481,-0.015248,-0.2258,0.11523,0.40879,-0.25737,-0.22112,-0.081063,-0.08329,0.12016,0.52403,-0.42023,0.19746,-0.17452,-0.13312,-0.14611,NaN,NaN,NaN
-0.386,-0.25201,-0.02992,-0.51648,-0.14221,-0.13108,0.20295,-0.36978,0.033392,0.14756,0.011638,-0.13306,0.10477,-0.45597,-0.37186,0.21449,0.15149,-0.094381,NaN,NaN,NaN
-0.16851,-0.31006,-0.035995,-0.0005315,-0.21529,0.21658,-0.014211,0.38316,0.2174,0.43106,0.20414,-0.020696,0.54837,-0.00072838,0.084231,0.19607,0.0031835,-0.11839,NaN,NaN,NaN
0.3827,0.060397,-0.01333,-0.21614,0.18904,-0.0034764,-0.21898,-0.21421,0.097525,0.62111,0.4314,0.42578,-0.66689,-0.081244,-0.13696,-0.28223,0.10651,0.094688,NaN,NaN,NaN
-0.10905,0.023978,0.25916,0.054841,-0.11101,0.020797,-0.12831,0.010728,0.051007,-0.020083,0.17845,0.19672,0.51188,0.49252,-0.064506,0.14241,-0.14428,-0.088096,NaN,NaN,NaN
-0.30523,-0.19905,0.30604,0.16618,0.40322,0.3907,0.3224,0.36857,0.42128,-0.051027,0.40185,0.96116,0.22309,0.55404,0.20357,-0.44784,0.23015,0.51552,NaN,NaN,NaN
0.51952,0.22073,0.16948,-0.1455,0.096472,-0.039888,0.17608,0.091779,-0.27393,-0.42335,0.2141,0.18965,-0.017447,-0.29255,0.1567,-0.056416,0.31781,0.2753,NaN,NaN,NaN
-0.10907,-0.57367,-0.28614,-0.95462,-0.27189,-0.63345,-0.60267,-0.75119,-0.61139,-0.95094,-0.95622,-0.97785,-0.71843,-0.71091,0.31853,0.32246,-0.86813,-0.67519,NaN,NaN,NaN
-0.099089,-0.11778,-0.29282,0.18537,-0.009428,0.076561,0.036737,0.27493,0.039576,-0.098285,-0.15449,-0.15546,0.078075,-0.16165,-0.24944,-0.38016,-0.08598,-0.41352,NaN,NaN,NaN
-0.10894,-0.28104,0.20582,0.19322,0.026056,0.40965,0.54848,0.59626,-0.0011353,0.49542,0.23912,0.35529,0.49534,-0.21201,0.19731,-0.82706,0.15936,-0.15537,NaN,NaN,NaN
-0.056068,-0.011827,0.27869,0.17694,-0.26589,0.27853,-0.47682,0.098785,0.4255,-0.1441,-0.17548,-0.0072657,0.055915,0.49046,-0.37082,0.59488,-0.11203,0.10511,NaN,NaN,NaN
-0.41845,-0.27985,0.02396,-0.14976,-0.2191,-0.27184,-0.56556,0.43447,0.26655,0.18742,-0.38007,-0.0098057,0.137,0.14891,-0.67162,0.079887,-0.47009,0.041168,NaN,NaN,NaN
0.0043232,-0.018071,0.31438,-0.14218,0.18084,-0.17945,-0.083633,0.27232,0.28093,-0.1606,0.22241,-0.69984,-0.062998,-0.092234,0.068721,-0.42365,0.25234,0.17814,NaN,NaN,NaN
0.21215,0.31566,0.1351,0.11808,0.1107,-0.036343,0.032302,0.23783,-0.47788,-0.073652,-0.22641,-0.013051,-0.16348,0.035362,0.44294,0.11543,0.088992,0.28327,NaN,NaN,NaN
-0.39399,-0.23372,-0.30365,-0.081259,-0.036871,-0.064376,-0.25262,-0.13661,0.27778,0.067304,-0.00044686,-0.42819,0.52879,-0.15889,0.12355,0.11514,-0.47609,-0.24044,NaN,NaN,NaN
-0.059918,-0.24394,-0.18346,-0.48768,-0.18451,0.017545,0.39481,-0.81214,-0.52397,-0.097287,-0.23419,-0.38013,-0.15893,0.35243,0.44161,-0.39267,0.12176,-0.32312,NaN,NaN,NaN
0.33293,0.35835,0.29019,-0.2973,0.34366,-0.1917,-0.019623,-0.071247,-0.23425,-0.27716,-0.087734,-0.69466,-0.19031,-0.023319,0.44983,0.67997,-0.14096,0.22443,NaN,NaN,NaN
-0.17285,0.48492,0.49528,-0.044148,-0.2232,0.037974,0.62547,0.084614,-0.7034,0.80758,-0.50567,-0.25359,0.28423,0.49876,0.0063436,-0.053499,0.061011,0.40035,NaN,NaN,NaN
0.47839,0.017522,0.29043,-0.051293,0.1638,0.017843,-0.11369,-0.11309,-0.28629,0.20659,0.41456,0.16689,-0.23602,0.491,-0.034676,0.18812,0.2723,0.040625,NaN,NaN,NaN
0.61758,0.083414,0.14657,0.10561,0.039863,-0.032034,-0.25727,-0.028879,-1.0075,-0.34734,-0.24264,-0.72037,-0.18803,0.096042,-0.31354,0.35973,-0.24595,-0.072271,NaN,NaN,NaN
-0.0022861,-0.42077,-0.2942,-0.25196,0.12908,-0.0099908,0.073363,-0.51171,0.58127,-0.17897,-0.0083606,0.089044,-0.34223,0.125,0.27437,-0.20193,-0.32956,-0.21041,NaN,NaN,NaN
-0.32946,-0.39068,0.03385,0.071363,0.14314,0.36558,0.18437,0.23475,0.34232,0.48319,0.10288,-0.2145,0.095075,-0.065099,0.4947,0.32681,-0.059917,0.026456,NaN,NaN,NaN
0.0012986,-0.25228,0.012871,0.13014,0.41193,-0.053205,0.14587,0.13326,0.020739,0.59006,0.27429,-0.034258,0.050825,0.10054,-0.5423,0.20932,0.40184,-0.39834,NaN,NaN,NaN
0.0097535,0.13648,0.1471,0.18062,0.0597,0.013541,0.32708,-0.11293,-0.1362,-0.22616,-0.26045,0.22257,-0.33548,0.33576,-0.39596,-0.19514,-0.059465,-0.0099483,NaN,NaN,NaN
-0.15937,-0.15763,-0.23837,-0.48742,-0.063638,0.064749,-0.52049,-0.2124,-0.16541,0.28727,-0.14057,0.36714,-0.64552,-0.2865,-0.26639,0.069495,-0.1311,-0.023906,NaN,NaN,NaN
0.015226,0.65683,0.066678,0.24087,-0.26738,0.11098,0.037555,0.112,0.2649,0.49545,-0.27522,-0.31193,0.16552,0.10493,0.010307,0.035176,-0.13948,0.047874,NaN,NaN,NaN
-0.021324,-0.20055,0.12782,0.17755,0.29012,-0.10615,0.023667,0.32301,0.15027,0.41908,0.094266,0.22387,0.19078,-0.089076,-0.23712,0.24445,0.06352,-0.16029,NaN,NaN,NaN
-0.07903,0.17794,0.015559,0.063717,-0.055878,-0.58676,-0.068237,-0.28696,0.12987,-0.37884,-0.5065,0.1926,-0.020446,0.025996,-0.18184,0.18466,0.44515,-0.072023,NaN,NaN,NaN
0.27722,0.071179,0.31054,-0.36754,-0.3561,0.11591,-0.22916,-0.12848,0.22222,0.023117,0.14222,0.0083249,0.56518,0.44003,-0.37308,-0.30574,0.11023,0.15884,NaN,NaN,NaN
0.24862,-0.5043,-0.39697,0.117,0.018445,0.064796,0.017755,0.30481,0.30482,-0.11783,0.10511,0.35015,-0.15641,-0.451,0.76858,0.36499,0.25526,-0.30268,NaN,NaN,NaN
-0.11309,-0.091564,-0.35883,0.45221,-0.097137,-0.15648,-0.18394,0.30514,-0.3972,0.079173,-0.24377,0.34061,0.38419,-0.54196,-0.085008,0.12289,-0.060008,0.040359,NaN,NaN,NaN
-0.064157,-0.10302,0.17949,0.067609,-0.059692,0.34088,0.55107,0.15682,-0.48482,0.5605,0.095236,-0.25858,0.10524,-0.19168,0.47476,0.18045,-0.53159,0.091823,NaN,NaN,NaN
0.14083,0.61491,0.20153,-0.25066,-0.35413,0.24327,-0.23965,-0.099151,0.44736,-0.17425,0.10553,0.010416,0.24834,0.17416,-0.31265,-0.082327,0.12914,0.23122,NaN,NaN,NaN
0.1454,0.018185,0.19754,0.18608,0.38158,-0.026225,0.39187,0.15555,0.42387,-0.33199,0.23403,0.21445,0.169,0.36323,-0.31372,0.2664,0.19703,0.040294,NaN,NaN,NaN
-0.36515,0.11858,0.059935,-0.0645,0.091004,0.00043545,-0.017785,-0.45747,-0.1017,-0.72821,0.41949,0.073865,-0.22751,0.30989,-0.48321,-0.92866,-0.08676,-0.027471,NaN,NaN,NaN
0.49841,0.10756,-0.025786,0.60387,0.00010456,-0.044977,0.43113,0.45656,0.092898,0.10046,-0.29922,-0.23495,0.27999,-0.035727,-0.30699,0.042432,-0.22265,0.2447,NaN,NaN,NaN
-0.39287,0.077765,0.25356,0.051715,-0.010636,0.017198,0.27181,0.12359,0.35828,0.041775,-0.54064,0.34749,0.027417,0.10763,0.050056,-0.013142,-0.02535,0.29567,NaN,NaN,NaN
0.033331,-0.16541,0.041696,-0.032263,0.23987,-0.10789,-0.16043,-0.12549,-0.35323,0.22655,-0.32999,-0.12823,0.14738,-0.21195,0.51847,0.029084,-0.10499,0.069906,NaN,NaN,NaN
0.67725,0.24248,0.064732,0.025565,0.22888,0.0679,-0.347,0.40679,0.11178,-0.12865,0.80817,0.14768,0.32636,-0.28823,-0.39376,0.18177,-0.42133,0.21981,NaN,NaN,NaN
-1.3086,-2.2639,-2.7952,-2.4724,-1.7428,-2.4929,-2.4194,-2.6328,-0.37755,-2.3832,-1.0916,-2.1354,-2.7652,-2.4832,-2.0077,-1.3931,-2.3605,-2.3806,NaN,NaN,NaN
0.5038,-0.42391,0.15047,-0.20018,-0.03854,-0.16301,-0.028952,-0.29552,-0.73485,0.2206,0.21618,-0.25538,0.28688,0.49828,0.5544,0.13726,-0.035012,-0.029845,NaN,NaN,NaN
0.15482,-0.19102,0.66263,0.17645,0.41601,0.1673,0.95085,0.2949,-0.12098,0.51407,-0.17301,0.18742,0.42632,1.0588,-0.1082,0.25563,0.11352,0.72655,NaN,NaN,NaN
-0.69443,-0.30528,-0.26684,-0.26655,-0.50816,0.3718,0.05804,-0.21118,-0.016783,0.08616,-0.073946,-0.0032611,0.02507,-0.10661,-0.23317,0.053663,-0.055027,-0.16307,NaN,NaN,NaN
-0.21979,-0.36999,-0.39469,-0.18136,0.044001,0.21034,-0.23623,-0.27963,0.28826,-0.21772,0.35253,-0.39273,-0.6626,0.031729,-0.41144,0.066385,-0.36112,-0.05433,NaN,NaN,NaN
-0.05947,-0.088976,-0.25266,0.024749,0.063486,0.00016227,0.18914,0.12273,0.28191,-0.055862,0.10254,0.22368,-0.35313,0.083128,0.062211,0.0095457,-0.16003,0.0087763,NaN,NaN,NaN
-0.14644,0.064001,-0.14669,0.14735,0.11215,0.04817,0.31192,-0.14475,-0.19,-0.040358,0.010488,-0.13017,-0.16386,-0.37586,0.35108,0.34793,-0.24369,0.0036759,NaN,NaN,NaN
0.38184,0.0082633,-0.1827,0.23103,0.21532,0.2763,0.23064,0.18582,0.26574,-0.22208,0.231,0.081817,0.54448,0.24921,-0.683,0.43248,0.092209,0.036295,NaN,NaN,NaN
0.097517,-0.017181,0.18219,-0.28892,0.22736,-0.080568,-0.30309,-0.18327,-0.40346,-0.042596,0.19524,0.031095,-0.054815,0.35586,-0.2488,-0.23304,-0.013687,0.023036,NaN,NaN,NaN
0.2641,0.3676,-0.29806,-0.0047148,-0.40896,0.15291,-0.18603,0.10545,0.44588,0.037001,0.013389,0.4201,0.54757,-0.19969,0.55764,-0.39591,0.49693,-0.057012,NaN,NaN,NaN
-0.39441,0.017039,0.38238,0.34669,0.63194,-0.2209,0.07618,0.23398,0.7549,-0.50139,0.19835,0.17427,0.0065762,0.64884,0.31589,-0.09554,0.17455,0.006363,NaN,NaN,NaN
-0.18936,0.063698,-0.10487,0.11751,-0.15186,0.083773,0.37337,-0.19541,0.17128,0.10573,-0.061951,-0.51951,0.27822,-0.13937,0.072688,-0.063373,0.42357,-0.055003,NaN,NaN,NaN
-0.47655,-0.068058,-0.25808,-0.39083,-0.27268,0.10595,-0.14444,-0.54961,-0.080483,-0.16145,-0.26501,-0.058402,0.18534,0.36449,-0.44307,-0.57499,0.21279,-0.10056,NaN,NaN,NaN
-0.59118,-0.26708,-0.46985,-0.27126,-0.12598,0.19078,-0.028793,-0.43048,-0.46136,0.3616,-0.19765,0.27529,0.062874,-0.2313,-0.43571,-0.27149,-0.45023,0.14143,NaN,NaN,NaN
0.10845,0.12756,-0.064991,-0.13658,0.13008,-0.24139,-0.012806,0.17344,0.17233,0.075972,-0.1867,-0.39951,-0.31926,-0.24047,0.53492,0.098024,0.12847,0.045239,NaN,NaN,NaN
0.009314,-0.25388,-0.42737,-0.34365,-0.12,-0.19666,-0.59707,-0.40223,-0.15061,-0.42426,0.24033,0.27973,-0.17975,-0.2783,0.09862,0.081448,-0.039041,-0.35298,NaN,NaN,NaN
-0.22268,-0.20297,0.23932,0.095111,0.18799,0.20167,0.31734,0.36024,0.70831,-0.3967,-0.217,0.33833,0.22093,0.042809,-0.69979,-0.30761,0.51096,0.3335,NaN,NaN,NaN
0.089322,-0.0039839,0.20195,-0.10068,0.088742,-0.062511,-0.25267,0.28241,0.014845,0.32683,-0.15059,0.2605,0.22999,-0.13855,0.14956,0.094311,0.2658,0.28104,NaN,NaN,NaN
0.40387,-0.088324,0.12078,0.0011446,0.23065,0.095342,0.54384,-0.041343,-0.38019,0.62049,0.057422,0.5223,0.18652,-0.14713,0.067493,-0.34997,0.34563,0.20338,NaN,NaN,NaN
-0.44944,-0.3185,-0.26388,-0.44578,-0.064598,-0.048223,0.063007,0.1102,-1.3035,0.34719,0.37111,-0.059695,0.21208,0.058468,-0.084656,-0.5923,0.055152,-0.4788,NaN,NaN,NaN
0.41116,0.20845,-0.045782,0.0054592,-0.27887,-0.027232,-0.049795,0.04933,0.30082,0.26952,-0.41987,0.014453,-0.14143,-0.020834,0.074032,0.10221,0.052018,-0.039697,NaN,NaN,NaN
0.18621,-0.27469,-0.25348,-0.71145,-0.16166,-0.56992,-0.16043,-0.79888,0.098347,0.059717,-0.0048404,0.09818,-0.063158,-0.17266,-0.080119,-0.19576,-0.44912,0.034939,NaN,NaN,NaN
-0.086188,-0.059464,-0.12779,-0.17716,0.24386,0.022362,0.046744,-0.41967,-0.0057224,-0.22853,0.3803,-0.087471,-0.32837,-0.73468,-0.20232,-0.061256,0.17152,-0.12599,NaN,NaN,NaN
0.57019,0.49494,0.2203,-0.18386,-0.11734,-0.17362,-0.070621,-0.14039,-0.56558,0.29602,-0.66917,-0.78039,0.15507,0.038837,0.067889,0.38133,-0.075024,0.21863,NaN,NaN,NaN
