-0.050835,-0.19563,-0.038226,-0.11205,-0.44399,0.77548,-0.24132,0.071718,-0.16584,-0.39185,0.038466,-0.050835,-0.23589,-0.47559,-0.44399,0.04656,-0.37515,-0.53851,NaN
0.24826,0.48127,0.23505,0.12855,0.12817,-0.64177,0.12063,0.37831,-0.38162,0.043,-0.039792,0.24826,0.3831,0.073264,0.12817,0.21318,-0.10781,0.23302,NaN
-0.19384,-0.2467,0.0094661,-0.12239,-0.25247,-0.47688,0.1919,-0.33852,-0.17412,0.27271,0.082747,-0.19384,0.10834,0.17778,-0.25247,-0.0074364,0.285,-0.12842,NaN
0.083809,0.12751,0.025627,0.15293,-0.18582,0.080816,-0.26692,0.64762,0.12379,0.17471,-0.38923,0.083809,-0.063118,-0.095384,-0.18582,-0.45854,0.23141,-0.038917,NaN
-0.14608,0.30997,0.21927,-0.015456,-0.16614,-0.24064,0.061076,-0.011382,0.034991,0.20905,-0.21431,-0.14608,0.031596,0.073815,-0.16614,-0.035639,-0.4278,-0.3653,NaN
0.034351,-0.057585,-0.1228,0.11512,0.25909,-0.086307,-0.022878,0.36848,-0.22852,0.051858,0.1702,0.034351,0.47919,-0.010946,0.25909,0.23643,0.10245,0.17355,NaN
-0.12029,0.1966,0.021548,-0.10654,-0.22678,0.48362,0.58017,0.21924,-0.016701,-0.12289,-0.025657,-0.12029,-0.022569,0.065503,-0.22678,-0.28836,0.18947,-0.21839,NaN
0.019966,0.24947,0.2266,-0.051225,-0.069229,-0.089968,-0.22533,0.076145,-0.11024,0.008688,0.09578,0.019966,0.76709,0.10853,-0.069229,0.21521,-0.18021,-0.017454,NaN
0.1873,0.14405,-0.079568,0.17788,-0.077204,-0.10192,-0.20644,0.94681,0.16443,0.33401,0.2386,0.1873,0.25337,0.11385,-0.077204,-0.13486,-0.0093505,0.17311,NaN
-2.3613,-2.1063,-2.2302,-1.5872,-1.5814,0.59921,-1.6361,0.69434,-1.2862,-1.8216,-1.6342,-2.3613,-1.7607,-1.7958,-1.5814,-1.6413,-1.4975,-1.8265,NaN
0.30853,0.30094,0.43005,0.383,0.10753,0.064781,0.27715,0.11693,0.049514,0.36373,0.14332,0.30853,0.22193,0.2157,0.10753,-0.26091,-0.36557,0.01873,NaN
-0.47567,-0.11903,-0.32179,-0.48755,0.15123,-0.25294,0.15026,0.6727,-0.072429,-0.30264,-0.037958,-0.47567,-0.29095,-0.045265,0.15123,0.032434,0.3238,0.03867,NaN
-0.33267,-0.27087,0.032558,-0.14278,-0.039371,0.1867,-0.31691,-0.24044,-0.26655,0.098835,-0.019583,-0.33267,-0.074502,0.0040254,-0.039371,0.056621,-0.23829,-0.15751,NaN
0.070012,0.26418,0.2462,0.18755,0.2006,-0.65895,0.38411,0.067821,0.1063,0.19405,0.38494,0.070012,0.35412,0.12075,0.2006,-0.043296,0.14526,-0.013117,NaN
-0.40756,-0.028135,-0.23608,-0.18177,0.15792,0.45324,0.032003,-0.39712,-0.09306,0.4596,0.097319,-0.40756,0.15508,0.26377,0.15792,-0.021672,-0.14604,0.030193,NaN
-0.097217,-0.0096218,0.067473,-0.040704,0.43324,-0.32623,-0.12901,-0.16063,-0.14121,-0.050189,0.29697,-0.097217,-0.15028,-0.12352,0.43324,0.22476,-0.072248,0.31837,NaN
-0.14694,-0.063701,-0.13148,-0.056613,-0.21626,0.23914,-0.053065,0.47263,0.23551,-0.4335,-0.34523,-0.14694,-0.53825,-0.43473,-0.21626,-0.075129,0.40666,-0.085688,NaN
-0.16537,-0.036602,0.17361,0.04727,0.025275,0.079518,-0.0055874,-0.07363,-0.22527,-0.13441,0.11742,-0.16537,-0.00541,0.12825,0.025275,-0.067018,0.33721,0.1319,NaN
-0.11817,-0.39539,-0.26223,-0.20429,-0.16592,0.31904,0.10467,0.37066,-0.13597,0.40975,-0.024189,-0.11817,0.1447,0.037126,-0.16592,-0.14247,-0.80115,-0.077303,NaN
-0.03004,-0.19931,-0.37813,0.0070156,-0.29108,-0.072363,-0.42931,-0.73218,-0.099294,-0.085891,0.16013,-0.03004,-0.28432,-0.17849,-0.29108,0.038825,0.030134,-0.30969,NaN
0.23727,-0.13172,-0.20813,0.025514,0.0021523,-0.087219,-0.23605,-0.20943,-0.056286,0.18085,0.09824,0.23727,-0.11001,0.26233,0.0021523,-0.18951,0.19247,-0.028409,NaN
0.57246,0.41708,0.43877,0.38206,0.084663,-0.11485,0.26159,0.092766,-0.091265,0.58547,0.12811,0.57246,0.32802,0.545,0.084663,0.29977,-0.14048,0.28253,NaN
0.63841,0.38747,0.11421,0.67416,0.36784,-0.46935,0.070261,0.049918,0.24674,0.54531,-0.17482,0.63841,0.43443,0.58349,0.36784,0.39305,0.13962,0.34661,NaN
-0.20874,-0.24867,-0.11536,-0.41632,-0.032838,-0.10834,0.046544,0.30951,-0.089661,0.23683,0.20976,-0.20874,0.35099,0.083708,-0.032838,0.17887,-0.32547,0.1348,NaN
-0.23508,-0.40963,-0.4123,-0.18733,0.092125,0.0841,-0.2076,0.2807,-0.12021,-0.56508,-0.22362,-0.23508,-0.12815,-0.41678,0.092125,-0.17343,-0.51668,-0.30053,NaN
0.28889,0.30117,0.23356,0.279,-0.40108,0.20999,-0.23013,-0.2844,-0.30364,0.30864,-0.20656,0.28889,0.35009,0.11645,-0.40108,-0.21178,0.32309,0.034495,NaN
0.15168,-0.0667,-0.14691,0.5211,0.1446,0.71855,0.018501,-0.38065,-0.083719,-0.084217,0.24428,0.15168,-0.021786,0.10842,0.1446,0.23617,-0.055153,0.016436,NaN
-0.37947,-0.40928,-0.73738,-0.12813,-0.25876,-0.07087,0.25844,-0.10913,-0.24575,-0.030247,0.066875,-0.37947,-0.31796,-0.097284,-0.25876,-0.063681,-0.21434,-0.13843,NaN
-0.22449,-0.18198,0.02849,-0.11443,-0.11703,-0.083636,0.12839,0.063753,0.046594,-0.010836,-0.12594,-0.22449,-0.086284,-0.024195,-0.11703,-0.42318,0.04744,-0.043779,NaN
0.13015,0.41716,0.74989,0.24857,0.098804,0.028294,0.16461,-0.32376,0.13369,0.40835,-0.015706,0.13015,0.46415,0.34568,0.098804,-0.11661,0.18523,-0.090157,NaN
0.32282,0.50072,0.20864,0.074327,-0.04319,-0.10273,-0.023486,0.054089,-0.086844,0.31719,0.064986,0.32282,0.29919,0.25348,-0.04319,0.093754,0.20421,0.067922,NaN
0.25962,0.41207,0.28152,-0.010199,0.022361,-0.40819,0.20511,0.23449,0.20765,0.14267,0.4754,0.25962,0.59077,0.44106,0.022361,0.17296,0.39154,0.26665,NaN
-0.39091,-0.26712,-0.17112,-0.52785,-0.37503,0.7611,0.18169,0.45,-0.16772,-0.26403,-0.055405,-0.39091,-0.5224,-0.18652,-0.37503,-0.33073,-0.75026,-0.13937,NaN
-0.29753,-0.18796,0.15053,0.38479,0.44156,-0.89481,0.30549,0.31919,-0.058386,0.080961,0.54286,-0.29753,-0.30329,0.05734,0.44156,0.49112,0.081361,0.15358,NaN
-1.4993,-0.87328,-0.69737,-0.98645,-0.67719,0.97766,-1.1893,0.072149,-0.9664,-0.8663,-0.75188,-1.4993,-0.84863,-0.89835,-0.67719,-0.68995,0.19433,-0.87537,NaN
0.35918,-0.4619,-0.18737,0.20171,-0.21881,-0.29867,-0.40416,-0.10101,-0.17899,0.1495,-0.083218,0.35918,0.14022,0.011377,-0.21881,-0.092462,0.01099,0.05313,NaN
0.12289,0.11255,-0.0093275,-0.18085,-0.11522,0.17574,-0.19842,-0.46414,-0.07808,-0.23948,0.17896,0.12289,0.089278,-0.1302,-0.11522,0.24742,0.11126,-0.012889,NaN
0.19194,0.19181,0.10702,0.041196,0.18124,-0.098453,0.14848,0.41052,0.38918,-0.32095,0.073084,0.19194,-0.15098,-0.2604,0.18124,-0.17991,-0.0066817,-0.044793,NaN
0.14803,0.4032,0.15146,-0.16432,-0.58965,-0.021237,0.13756,-0.18317,-0.40186,-0.22103,-0.3033,0.14803,-0.022538,0.017281,-0.58965,0.097908,-0.52933,-0.37304,NaN
0.084542,-0.1416,0.031497,-0.038375,0.18788,0.16133,-0.093425,-0.14987,0.010805,-0.082196,-0.17416,0.084542,0.057092,0.066915,0.18788,0.083118,-0.20519,0.32329,NaN
0.12066,-0.18509,-0.090787,0.060076,0.2861,0.04591,0.1929,0.2276,0.28976,0.16414,-0.17147,0.12066,-0.36036,0.17421,0.2861,0.15299,-0.13528,0.1369,NaN
-0.41822,-0.27491,-0.22856,-0.26733,-0.28068,-0.42849,-0.04965,-0.037346,0.096198,-0.053535,-0.1192,-0.41822,-0.048451,-0.22487,-0.28068,-0.27276,-0.16041,0.00056108,NaN
-0.30942,-0.2124,-0.19102,0.049608,-0.0632,0.59058,0.038317,-0.18879,-0.27968,-0.28143,0.038308,-0.30942,-0.11903,0.078923,-0.0632,-0.038934,0.39236,-0.045266,NaN
0.047319,0.18191,0.094727,0.32861,0.54372,-0.43642,-0.29397,-0.44721,-0.09996,0.066765,-0.2066,0.047319,0.19829,0.072113,0.54372,0.54453,0.2828,-0.14548,NaN
-0.20227,-0.13362,-0.029388,0.044774,-0.025678,0.024532,-0.079036,-0.40123,-0.08756,0.18209,0.088679,-0.20227,-0.038005,0.25907,-0.025678,0.53737,-0.02003,0.084186,NaN
0.1655,0.25592,0.37284,0.12353,0.11458,-0.074131,-0.10161,0.13163,-0.26994,-0.2555,-0.055993,0.1655,-0.065528,-0.20984,0.11458,0.29105,-0.18253,0.22917,NaN
0.49026,-0.16499,-0.25893,0.083813,0.031563,0.5366,0.11877,-0.068908,0.19881,0.24523,0.361,0.49026,0.16941,0.25624,0.031563,-0.0073514,0.076877,0.18839,NaN
0.34739,0.09099,0.21826,0.33097,0.52909,-0.16664,0.4822,-0.089719,0.34217,-0.0043273,0.38658,0.34739,0.31419,-0.29584,0.52909,0.04788,-0.24055,0.2045,NaN
0.18124,-0.12049,-0.19377,-0.32031,-0.088527,0.85375,-0.29784,-0.30035,-0.36124,-0.11107,-0.055434,0.18124,-0.044873,-0.23208,-0.088527,-0.4076,0.45879,0.044231,NaN
0.19483,0.33701,0.28862,-0.093126,0.28774,-0.05273,0.21025,-0.067729,0.024633,-0.23781,0.097699,0.19483,-0.06892,-0.024114,0.28774,-0.026759,0.09212,0.056893,NaN
0.065262,0.12667,0.15761,0.011991,-0.10665,0.44323,0.12835,0.31523,-0.071369,-0.087459,0.3686,0.065262,0.035291,0.17523,-0.10665,0.17919,0.6342,0.088033,NaN
-0.39131,-0.52719,-0.35598,-0.13134,0.09264,0.264,-0.26482,0.21068,-0.42465,-0.35849,-0.326,-0.39131,-0.53412,-0.26673,0.09264,0.010977,-0.13905,-0.1467,NaN
-0.20496,0.13359,0.092854,-0.02279,0.1355,0.22426,0.36112,0.45655,-0.2067,-0.0034082,0.13023,-0.20496,0.22563,0.1338,0.1355,-0.10963,0.085015,0.22022,NaN
-0.23584,0.16317,0.24384,0.066429,-0.18419,0.38756,-0.30893,-0.39555,0.23219,0.10549,-0.29897,-0.23584,-0.14861,-0.16862,-0.18419,-0.26395,-0.1731,0.26839,NaN
-0.57017,-0.013175,0.042776,-0.1975,0.4314,-0.19052,-0.44381,-0.059429,0.14422,0.096878,-0.24709,-0.57017,-0.035953,-0.018564,0.4314,0.07399,-0.50571,0.071897,NaN
0.94163,0.36707,0.23748,0.96209,-0.020869,-0.010272,0.18737,0.4481,0.25197,0.022021,0.051869,0.94163,0.32099,0.29345,-0.020869,0.26236,0.52903,0.094042,NaN
0.23411,0.3,0.25218,0.087607,-0.25236,-0.37027,-0.21541,0.39297,-0.13988,0.29706,0.030422,0.23411,-0.15396,-0.22279,-0.25236,-0.1508,-0.10414,0.11184,NaN
0.60196,0.35971,0.14821,0.32212,-0.22679,-0.69599,0.3949,0.0051979,0.091537,0.41778,0.18586,0.60196,0.40714,0.34725,-0.22679,0.34623,0.087668,0.18822,NaN
0.10879,0.19285,0.35538,0.55295,0.45321,0.18473,-0.022203,-0.38179,-0.068532,0.098822,-0.046117,0.10879,0.016878,0.18758,0.45321,0.25758,0.011698,0.10866,NaN
0.19686,0.0092912,-0.13176,0.1302,0.043271,0.48872,-0.35489,0.06719,-0.10313,-0.11479,-0.14765,0.19686,0.36266,0.34885,0.043271,0.11971,0.26335,-0.20853,NaN
0.38972,0.094887,0.14393,0.49785,-0.13449,-0.57802,-0.36777,-0.39263,0.024871,-0.013965,0.35895,0.38972,0.24424,0.031686,-0.13449,-0.037135,-0.17081,0.078555,NaN
-0.10955,0.32849,0.55188,-0.33631,0.0049912,0.76411,0.14181,-0.057937,-0.091925,-0.013721,0.10094,-0.10955,-0.092926,0.1643,0.0049912,-0.071593,0.0078778,-0.076516,NaN
-0.079305,0.15767,0.34839,0.27973,-0.14535,-0.391,0.41243,-0.34301,0.30514,0.33147,-0.087822,-0.079305,0.60703,0.38553,-0.14535,0.43898,0.077003,0.28682,NaN
0.4775,0.24928,0.22646,0.16907,-0.29764,0.4265,-0.71339,-0.39853,-0.61138,0.25302,-0.17514,0.4775,0.62303,0.6107,-0.29764,-0.040764,0.25436,-0.17094,NaN
-0.26542,-0.13388,-0.25185,0.077975,0.16016,-0.035462,-0.073703,0.020641,-0.036505,0.10463,-0.25403,-0.26542,-0.066974,-0.13103,0.16016,0.016425,-0.042102,-0.20153,NaN
-0.2036,-0.49632,-0.51672,-0.50593,-0.6684,0.44675,-0.33782,-0.63167,-0.7449,-0.22492,-0.35855,-0.2036,-0.26722,-0.32082,-0.6684,-0.4464,-0.43632,-0.60299,NaN
0.1152,0.24563,0.15411,-0.031865,0.27327,0.041542,0.20737,0.33347,0.21585,-0.051371,0.15801,0.1152,0.28154,0.31551,0.27327,0.17197,0.33274,-0.097316,NaN
0.043083,0.48527,0.015684,0.16927,0.15247,-0.099036,-0.28501,-0.54319,-0.1332,0.10915,-0.027074,0.043083,0.12018,-0.091121,0.15247,0.046246,-0.27755,0.13442,NaN
-0.25983,-0.3534,-0.14906,-0.21871,0.073077,0.29476,0.47233,-0.4449,-0.14115,-0.25927,0.12565,-0.25983,-0.46544,-0.038042,0.073077,0.058639,-0.26139,-0.006039,NaN
-0.20341,-0.1699,0.05994,-0.11824,-0.19881,-0.34384,-0.1525,-0.67159,-0.074132,-0.16332,-0.17509,-0.20341,0.12319,-0.132,-0.19881,0.041499,0.79766,0.17355,NaN
-0.04102,0.3628,-0.010014,-0.36282,-0.087157,0.17923,0.065531,0.2323,0.073377,-0.14919,-0.13126,-0.04102,-0.19115,-0.14692,-0.087157,0.53948,0.27269,-0.064028,NaN
-0.047661,-0.10072,0.10705,-0.023038,-0.044633,-0.084271,0.5353,0.25556,0.0894,0.19826,-0.13916,-0.047661,-0.10464,0.13858,-0.044633,0.52495,0.8239,0.19961,NaN
-0.38441,0.21079,0.15531,0.053891,0.1115,0.5744,0.25701,-0.48907,-0.24831,-0.133,0.053628,-0.38441,-0.0039647,-0.33389,0.1115,0.11361,0.2263,0.043563,NaN
0.61321,0.28626,0.21744,0.074923,-0.051241,-0.24055,-0.25569,-0.035048,-0.047686,0.2023,-0.049429,0.61321,-0.027247,0.20599,-0.051241,-0.048315,0.048445,0.034924,NaN
0.23231,0.17234,0.016058,-0.23816,-0.70671,0.26695,-0.096976,-0.63187,-0.095467,-0.0015579,0.051938,0.23231,0.026907,0.0067273,-0.70671,-0.36385,-0.183,-0.29322,NaN
-0.19287,0.22902,0.12848,-0.17889,0.023404,0.87209,-0.1146,-0.27103,0.070635,-0.091045,-0.048684,-0.19287,-0.027226,-0.19686,0.023404,0.18704,0.20784,0.17798,NaN
0.0051206,0.063305,0.62259,0.23806,0.36067,-0.52927,0.18648,0.37099,0.0077918,0.097839,0.071719,0.0051206,0.3928,0.26834,0.36067,0.092761,-0.027957,0.33228,NaN
0.46769,0.026053,0.37293,-0.052518,-0.055768,-0.35138,0.63131,-0.42047,0.066233,0.23975,0.080952,0.46769,0.34827,0.11843,-0.055768,-0.11129,-0.042658,-0.15793,NaN
-0.041924,-0.3369,-0.059852,0.036472,-0.22948,-0.10224,-0.10587,-0.11316,-0.085345,-0.25134,-0.20018,-0.041924,0.068192,-0.45838,-0.22948,-0.42085,-0.17385,-0.30315,NaN
-0.22067,-0.045906,0.32099,0.155,-0.11894,-0.2052,-0.17148,-0.14875,-0.11309,-0.090088,-0.10871,-0.22067,-0.21825,0.2362,-0.11894,0.13992,-0.016176,0.047915,NaN
-0.34809,-0.26874,-0.41542,0.19798,0.08605,0.23197,-0.22473,0.23639,-0.26272,-0.36564,-0.26707,-0.34809,-0.25883,-0.24818,0.08605,-0.39338,-0.22856,-0.13223,NaN
0.17271,-0.00028072,0.0707,0.09154,-0.15969,0.11214,-0.061003,-0.38363,-0.093559,0.016345,-0.35727,0.17271,-0.16072,-0.28746,-0.15969,-0.067945,0.14234,-0.00055368,NaN
0.76659,0.36887,0.15774,-0.061496,-0.34213,-0.45476,0.00047845,-0.20326,-0.00084147,-0.09167,0.3712,0.76659,0.10265,0.016482,-0.34213,0.12188,-0.055318,-0.064851,NaN
-0.17535,-0.069954,0.10666,0.14828,0.2975,-0.25357,0.2257,-0.24189,0.64255,0.0028907,0.016709,-0.17535,-0.099584,0.15673,0.2975,0.16707,0.18395,-0.029012,NaN
0.12473,0.31475,0.4539,-0.021003,0.23921,-0.56063,0.045379,-0.020327,-0.2499,0.1827,-0.034959,0.12473,-0.043757,0.092151,0.23921,0.075169,-0.41929,0.093888,NaN
0.29694,0.30141,0.073449,0.16648,0.093323,-0.15233,0.085725,0.38093,-0.040773,0.16809,-0.047711,0.29694,0.20783,0.092043,0.093323,-0.015529,-0.050058,-0.010603,NaN
-0.5305,-0.11042,-0.32055,-0.28027,-0.10786,-0.15519,-0.060717,0.066755,-0.32003,-0.15899,0.0024827,-0.5305,-0.1404,0.064315,-0.10786,-0.19499,0.0021485,-0.1443,NaN
0.53553,0.12635,0.19832,-0.073305,-0.054065,-0.32497,0.04317,-0.031106,0.40122,0.43667,0.10847,0.53553,0.18227,0.21941,-0.054065,0.19638,0.07298,0.11654,NaN
-0.060181,0.14873,0.25823,0.42711,-0.21083,-0.78811,-0.11603,0.48449,0.24275,0.035,0.0089053,-0.060181,-0.010645,0.085635,-0.21083,0.053194,0.14113,0.30059,NaN
0.083908,0.19555,0.20395,0.038096,0.13899,0.050227,0.25903,0.18755,0.40422,0.25538,-0.14874,0.083908,0.42071,0.45256,0.13899,0.2517,0.71791,0.42675,NaN
-0.37421,-0.41103,-0.19225,-0.42198,0.11314,-0.25729,-0.30215,0.45748,-0.16684,-0.15055,0.046014,-0.37421,-0.23216,-0.11189,0.11314,-0.34845,-0.56346,-0.038312,NaN
0.37068,0.53414,0.38762,0.10305,0.23076,-0.47001,0.28587,-0.026312,-0.038849,0.30085,0.42702,0.37068,0.64903,0.19075,0.23076,-0.10638,-0.031794,0.25997,NaN
-0.29266,-0.34231,-0.14671,-0.14026,-0.0022573,0.44963,-0.28818,0.086891,-0.42753,0.067254,-0.24684,-0.29266,-0.096387,-0.29636,-0.0022573,-0.34692,-0.33814,0.023986,NaN
-0.40219,0.31414,0.43645,-0.24486,0.24149,-0.21223,-0.21763,0.052545,0.26037,-0.096513,0.12193,-0.40219,0.038653,-0.034101,0.24149,-0.19024,-0.15582,-0.14117,NaN
-0.11183,0.026915,0.098174,-0.027563,-0.080955,0.96351,-0.23948,-0.51214,-0.30415,-0.31209,-0.27579,-0.11183,0.051364,-0.054504,-0.080955,-0.2004,0.015008,-0.058364,NaN
0.19628,0.46154,0.35226,-0.18668,0.04065,-0.031501,0.43288,-0.075821,0.39842,0.26673,0.25844,0.19628,0.55067,0.073849,0.04065,0.12154,0.22608,-0.22533,NaN
-0.48724,-0.2082,0.032617,-0.41456,-0.378,0.60273,-0.04084,-0.32083,-0.33714,-0.63146,-0.20991,-0.48724,-0.45396,-0.3843,-0.378,-0.29208,-0.21433,-0.29934,NaN
-0.0084481,0.17026,0.33811,-0.05394,0.0082898,-0.77282,-0.36206,0.31831,0.011577,0.0011183,-0.086667,-0.0084481,0.42084,-0.227,0.0082898,0.023353,-0.091843,-0.042538,NaN
-0.047467,0.2907,0.14166,-0.55368,-0.4385,0.45553,0.022116,-0.34224,0.20427,-0.0030293,0.14767,-0.047467,0.069118,-0.16351,-0.4385,-0.11618,0.029356,0.17421,NaN
-0.091703,-0.093704,-0.04556,-0.20695,-0.28115,0.72338,0.13942,-0.13472,-0.33668,-0.50381,-0.17441,-0.091703,-0.20421,-0.33335,-0.28115,-0.35768,-0.94303,-0.65684,NaN
0.1448,0.16006,0.093577,0.3106,0.25843,-0.16591,-0.070819,0.34581,0.099501,0.075548,0.17054,0.1448,0.35612,0.074939,0.25843,0.062304,-0.2276,0.011717,NaN
-0.22911,-0.11457,0.077947,-0.18366,0.15749,-0.77602,-0.06265,-0.029173,0.24697,0.093917,-0.30868,-0.22911,-0.16179,-0.15091,0.15749,0.35884,0.19563,0.0087909,NaN
-0.22457,-0.02454,0.18852,-0.065961,-0.043514,0.39403,-0.16719,0.30759,-0.041261,0.010637,-0.08797,-0.22457,0.065361,-0.22887,-0.043514,0.02906,0.15171,-0.076559,NaN
-0.17603,-0.070862,-0.12659,0.09969,0.10557,0.23902,0.25075,0.07542,-0.010413,-0.13672,-0.17195,-0.17603,-0.26394,-0.1154,0.10557,0.0073005,0.92149,-0.10303,NaN
-0.40556,-0.30311,-0.11233,-0.2873,-0.14622,-0.078552,-0.073938,0.11354,-0.3285,-0.21272,-0.11743,-0.40556,-0.81736,-0.38732,-0.14622,0.0049482,0.015739,-0.20372,NaN
0.23127,0.32727,0.41089,0.13753,0.1586,-0.31195,-0.18153,-0.59545,-0.38096,0.30571,0.12146,0.23127,0.25345,0.62056,0.1586,-0.15048,0.46986,0.12363,NaN
0.52262,0.21661,0.27881,0.42912,0.19999,-0.43877,-0.089108,-0.26502,0.34289,0.44604,0.069268,0.52262,0.50956,0.52324,0.19999,-0.12313,0.42335,-0.025456,NaN
0.17576,0.30989,0.30661,-0.1773,0.42149,-0.27688,0.12788,0.034371,0.070437,-0.00078633,0.13311,0.17576,-0.21468,-0.12718,0.42149,0.19337,-0.20041,0.13315,NaN
-0.13654,-0.3055,-0.10786,-0.49087,0.15598,-0.084136,-0.50767,-0.047702,-0.13689,-0.25949,-0.13565,-0.13654,-0.27021,-0.38087,0.15598,0.12173,-0.032628,-0.20424,NaN
0.23935,0.22702,0.17233,0.24636,-0.0075512,-0.13458,-0.30892,-0.19378,0.099985,0.39129,-0.24855,0.23935,0.10766,0.13724,-0.0075512,0.44503,0.07169,0.24014,NaN
0.05495,-0.21938,-0.27631,-0.034932,-0.098827,0.10246,0.18676,-0.016322,-0.34319,-0.31894,-0.0026393,0.05495,-0.27201,-0.19499,-0.098827,0.25147,0.25158,0.10059,NaN
-0.80783,-0.54666,-0.10626,-0.59943,-0.29451,0.059273,0.22779,-0.65569,0.014187,-0.51867,-0.71169,-0.80783,-0.5689,-0.45881,-0.29451,0.10781,0.22666,-0.020252,NaN
-0.072507,0.073684,-0.1172,-0.27702,-0.25065,0.71512,-0.11462,0.2795,-0.19351,-0.42907,-0.32594,-0.072507,-0.14261,-0.36975,-0.25065,-0.17716,-0.15007,0.0085687,NaN
-0.66272,-0.20416,-0.27429,-0.36607,-0.10596,0.16658,-0.21483,-0.43215,-0.04043,-0.40664,-0.36397,-0.66272,-0.35667,-0.35698,-0.10596,0.038691,-0.18139,0.13904,NaN
0.17844,-0.028822,-0.1218,0.58388,0.31253,-0.15909,-0.15121,0.22356,-0.053522,0.00859,0.053331,0.17844,0.12876,0.061013,0.31253,0.08153,-0.1215,-0.019448,NaN
0.27867,0.36873,-0.17976,0.54932,0.029076,-0.73834,-0.2917,-0.18077,-0.15135,0.097628,0.35714,0.27867,0.27748,0.01944,0.029076,0.14667,0.070561,-0.062294,NaN
0.0053588,-0.5394,-0.3321,0.11546,0.058986,-0.26723,-0.10897,-0.090152,-0.18493,-0.25936,-0.30035,0.0053588,-0.3883,-0.46969,0.058986,0.063666,0.038938,-0.072774,NaN
-0.1486,-0.060777,-0.34768,0.21554,0.23656,0.092498,0.22638,-0.034286,-0.064746,0.17909,0.041583,-0.1486,0.11553,0.28883,0.23656,0.061332,-0.82471,0.050684,NaN
0.037181,-0.08264,-0.070628,0.084802,-0.20147,0.19992,-0.074798,0.72651,0.046541,0.025366,-0.11996,0.037181,-0.029479,0.19649,-0.20147,-0.075569,0.54409,-0.21624,NaN
-0.13946,-0.31643,-0.51176,-0.34506,-0.3718,0.099579,-0.15148,0.49874,-0.38139,0.048188,-0.02368,-0.13946,0.057487,-0.11714,-0.3718,-0.37724,-0.0042888,-0.314,NaN
0.20235,0.21133,-0.0082232,0.075875,-0.064728,0.08926,-0.13637,-0.39818,-0.12799,-0.20738,0.016728,0.20235,-0.068723,-0.27876,-0.064728,0.01585,0.15817,0.14954,NaN
-0.60233,-0.6339,-0.44798,-0.20024,-0.31944,-0.0058733,0.09204,-0.14945,-0.42513,-0.067064,0.15869,-0.60233,-0.34848,-0.21192,-0.31944,-0.30342,0.013545,-0.099979,NaN
0.38036,0.097148,-0.2744,0.3009,0.28854,-0.23369,0.27222,-0.18659,-0.4866,-0.070533,-0.16491,0.38036,-0.20724,0.13215,0.28854,0.28374,0.33869,0.36606,NaN
0.41832,0.41459,-0.015889,0.055116,-0.25287,-0.013223,0.19741,-0.20864,0.43387,0.40254,-0.2782,0.41832,0.3276,0.46785,-0.25287,-0.042013,0.1326,0.35161,NaN
-0.1192,-0.027142,0.16783,-0.072717,-0.16296,0.35327,-0.062062,-0.54028,0.42778,-0.010853,-0.13788,-0.1192,-0.021177,-0.16441,-0.16296,-0.040715,-0.13245,-0.022264,NaN
-0.34832,0.49887,0.27689,0.25202,-0.081592,-0.23017,-0.27252,-0.25943,0.40844,-0.21886,0.10178,-0.34832,0.2439,-0.19178,-0.081592,-0.15269,0.32849,0.043424,NaN
0.053272,-0.49129,-0.39555,0.3088,0.32626,0.17169,-0.15272,0.33794,-0.11712,0.1004,-0.24177,0.053272,0.091965,-0.19323,0.32626,0.07498,0.53869,0.24747,NaN
0.52116,0.14702,-0.18586,0.024626,-0.17376,0.19749,-0.10209,-0.47971,0.18861,0.20703,0.096347,0.52116,-0.0011454,0.16247,-0.17376,0.15577,0.41456,0.26014,NaN
-0.064269,0.0826,-0.045231,0.034935,0.29944,-0.0025319,0.053098,0.22173,0.23602,0.28718,0.2367,-0.064269,0.20234,0.089195,0.29944,0.10433,-0.57269,0.031108,NaN
0.015024,0.087281,-0.009569,0.19281,-0.16743,-0.26954,0.022801,0.19083,0.36464,0.070052,0.20885,0.015024,-0.3962,0.024093,-0.16743,0.31393,0.17445,0.1549,NaN
0.52069,-0.24102,-0.0653,0.021209,-0.21161,-0.2954,0.1091,-0.56065,0.022962,-0.033167,-0.28867,0.52069,-0.36262,0.15682,-0.21161,0.19309,0.066395,0.0038401,NaN
-0.42168,-0.2084,0.046466,0.12905,0.262,-0.066356,0.21148,0.75305,0.28128,-0.20079,0.10772,-0.42168,-0.0019253,0.22959,0.262,0.19429,0.68537,0.049614,NaN
0.098522,-0.069932,0.015116,0.4898,0.40972,-0.42437,-0.020907,-0.42021,0.13948,0.15295,0.15562,0.098522,0.026191,0.41657,0.40972,0.15185,0.56267,0.25153,NaN
-0.0064562,0.48917,0.13521,-0.25505,-0.04841,-0.0365,0.10857,-0.090787,-0.29135,-0.27419,-0.012284,-0.0064562,0.23033,-0.30349,-0.04841,-0.10192,0.046366,0.046046,NaN
-0.27479,-0.060501,-0.70643,-0.63447,-0.19614,-0.31707,-0.049408,-0.079943,-0.076069,-0.15129,-0.22161,-0.27479,-0.40152,-0.14048,-0.19614,-0.018785,0.037484,-0.024578,NaN
0.21064,-0.007605,-0.053102,-0.18733,-0.055705,-0.20589,0.11124,0.31748,0.13048,0.01319,-0.1017,0.21064,-0.35308,-0.030298,-0.055705,0.20791,0.0050665,0.14956,NaN
-0.16768,-0.076334,0.052628,-0.30694,-0.48783,-0.17125,-0.17701,-0.32397,-0.19582,0.15371,0.1257,-0.16768,0.23717,-0.25005,-0.48783,0.13366,-0.21465,-0.17283,NaN
-0.17665,-0.1665,-0.074907,-0.032085,-0.063714,0.18975,-0.00121,0.39374,0.087282,0.00683,-0.29579,-0.17665,0.051574,0.19078,-0.063714,0.19038,-0.078978,-0.042277,NaN
-0.07844,-0.097181,-0.21797,0.089228,-0.12616,-0.31953,-0.14335,0.32991,0.28273,-0.004851,-0.0089604,-0.07844,-0.0051968,0.4066,-0.12616,-0.25558,-0.12542,-0.11755,NaN
0.41244,0.11281,0.16151,0.36742,0.55167,-0.57295,-0.096521,0.1263,-0.010983,-0.046404,0.35075,0.41244,0.10298,0.079723,0.55167,0.304,-0.041629,0.12395,NaN
-0.26792,-0.4249,-0.44943,-0.32452,-0.12978,-0.50069,0.079911,-0.34645,-0.095016,-0.15257,0.020088,-0.26792,-0.28419,0.0046525,-0.12978,-0.01896,-0.12193,-0.30666,NaN
0.2587,0.25519,0.49274,0.01019,-0.20938,-0.20778,0.19257,0.094848,-0.048795,0.25037,0.020389,0.2587,0.31852,0.20067,-0.20938,0.20147,-0.019139,-0.16045,NaN
0.097736,0.1223,-0.192,0.15751,-0.14516,-0.043042,0.34096,-0.99363,-0.09242,-0.025149,0.0038884,0.097736,-0.11767,0.034275,-0.14516,-0.4211,-0.54242,-0.22401,NaN
0.21557,0.38433,0.5328,-0.17398,0.28025,-0.53061,0.14215,-0.13174,0.45829,0.65704,0.31869,0.21557,0.20272,0.29523,0.28025,-0.0075156,-0.15706,-0.027106,NaN
-0.46727,-0.22136,-0.096438,-0.5928,-0.33003,0.14262,-0.36738,-0.25075,-0.6788,-0.35796,-0.19848,-0.46727,0.090399,-0.32178,-0.33003,-0.27977,0.12471,-0.28267,NaN
-0.088139,0.092306,-0.17105,-0.009142,-0.10742,-0.42156,-0.3207,0.02336,-0.12176,-0.049388,0.060458,-0.088139,-0.053257,-0.2119,-0.10742,-0.19314,-0.57281,-0.14237,NaN
-0.23284,0.11713,0.25818,0.41559,0.35705,0.14408,-0.19761,-0.21942,0.23357,0.13925,0.28148,-0.23284,0.048866,0.038979,0.35705,0.046204,-0.51441,-0.12439,NaN
0.021533,-0.20399,0.18062,0.21966,0.019434,0.15534,0.15248,0.189,0.20209,0.062941,-0.23499,0.021533,-0.04768,0.0036261,0.019434,0.19971,-0.044242,0.17562,NaN
-0.23182,0.020896,0.016353,-0.28955,-0.19469,0.076022,-0.26763,0.024825,-0.11052,-0.20058,-0.17035,-0.23182,0.33566,-0.29794,-0.19469,-0.30207,0.69488,0.081617,NaN
0.15733,0.042158,-0.187,0.42224,0.13617,-0.039779,-0.18512,0.31569,0.28021,0.12373,-0.22323,0.15733,0.098481,0.0063997,0.13617,0.25735,0.5872,0.19761,NaN
-0.59139,-0.12169,0.27238,-0.20359,0.29435,-0.37092,0.43069,-0.28695,0.32818,-0.028155,0.57975,-0.59139,0.11645,-0.21551,0.29435,0.68107,-0.47256,0.27228,NaN
0.10519,-0.18898,-0.38995,-0.20335,-0.1825,0.62839,0.1615,-0.23151,0.18874,-0.23632,0.26464,0.10519,-0.47265,-0.403,-0.1825,-0.19409,0.11026,0.0065499,NaN
0.21888,0.10419,-0.15919,-0.20175,0.092357,0.17155,0.025156,0.043612,-0.096663,-0.10844,-0.10124,0.21888,-0.22297,-0.14592,0.092357,0.23984,-0.018959,0.35745,NaN
0.010748,0.202,0.58383,0.0010457,0.14214,-0.28661,-0.18902,-0.2588,0.25816,0.038823,0.081058,0.010748,0.22167,0.1785,0.14214,0.22493,-0.73817,-0.1484,NaN
0.2755,0.059587,-0.19835,0.36997,0.20934,-0.31815,0.25434,-0.21003,0.60616,0.1403,0.14029,0.2755,0.1693,0.432,0.20934,0.65224,-0.030202,0.21391,NaN
-0.057556,0.19843,-0.16373,-0.14623,-0.099252,0.17868,-0.49355,0.24954,-0.13712,0.43541,0.066431,-0.057556,-0.14103,0.12782,-0.099252,-0.13561,-0.95286,-0.15782,NaN
-0.12596,-0.39445,-0.016084,-0.10179,-0.25698,0.59822,-0.51217,0.063376,0.14607,-0.16096,-0.12212,-0.12596,-0.21233,-0.1568,-0.25698,-0.17383,-0.28216,-0.26311,NaN
-0.44161,-0.29568,-0.049817,0.077025,0.11528,-0.20671,-0.13753,-0.11375,-0.30699,-0.33774,0.040034,-0.44161,-0.23463,-0.26175,0.11528,-0.048209,-0.12771,0.1187,NaN
-0.0072064,0.27117,0.29619,0.32698,0.1976,0.011282,0.22434,-0.76301,0.07248,-0.02982,0.027548,-0.0072064,0.13044,-0.0026782,0.1976,-0.1186,-0.29687,-0.071766,NaN
-0.35487,-0.063178,0.32841,-0.084559,-0.24459,0.23131,-0.17512,0.16798,-0.0010003,0.21812,-0.1476,-0.35487,0.017784,0.39994,-0.24459,0.0021588,-0.4065,-0.21517,NaN
-0.10533,0.22316,-0.13215,-0.27762,-0.085121,-0.17469,-0.073847,-0.42857,-0.049391,0.092477,0.31438,-0.10533,-0.0048099,0.25655,-0.085121,-0.019525,0.26023,0.13221,NaN
-0.59276,-0.37033,-0.42711,0.17479,-0.26033,0.15363,-0.26023,0.1266,-0.60654,0.020339,-0.23046,-0.59276,0.13232,-0.14121,-0.26033,0.11948,0.08533,-0.29956,NaN
-0.26936,-0.18546,-0.12909,-0.31413,-0.09665,-0.38608,0.26365,-0.42687,-0.2319,-0.13767,0.2645,-0.26936,0.052457,0.097044,-0.09665,0.19346,0.45153,-0.060488,NaN
-0.29062,0.4978,0.31251,-0.15456,-0.099706,-0.16673,0.13591,-0.8233,-0.0359,-0.11115,-0.10945,-0.29062,-0.22741,-0.17853,-0.099706,-0.4082,-0.41532,-0.069792,NaN
-0.11018,-0.021548,0.28018,0.096176,0.1462,0.048207,-0.17958,-0.081034,0.002795,-0.32241,-0.39033,-0.11018,0.016529,-0.32429,0.1462,-0.082966,0.50404,-0.056437,NaN
0.21119,0.28304,0.0565,0.15577,0.12409,0.027426,0.56764,0.28942,0.37112,-0.19165,0.1266,0.21119,0.46574,0.16648,0.12409,0.16626,0.54989,0.20008,NaN
0.2571,0.062456,0.26081,0.19331,0.44139,-0.54064,-0.17501,-0.033015,0.0010496,0.16644,-0.030951,0.2571,0.23264,0.059549,0.44139,-0.10601,-0.24183,-0.4173,NaN
0.072731,-0.21716,-0.12219,-0.40323,-0.082185,-0.081509,-0.094047,-0.18989,-0.049492,-0.0055091,0.067389,0.072731,-0.23079,-0.15807,-0.082185,0.35861,0.16124,-0.058404,NaN
-0.14864,0.13276,0.38203,-0.081958,0.2398,-0.31747,0.099351,-0.51719,-0.11813,-0.046752,0.16807,-0.14864,-0.20518,-0.45731,0.2398,0.16922,-0.62853,0.21151,NaN
0.08819,-0.21435,-0.10509,-0.060325,0.33155,-0.42108,0.18683,0.28437,0.11684,0.36852,0.22373,0.08819,0.0044659,0.286,0.33155,0.07259,0.51746,0.00019067,NaN
0.14742,0.048942,0.30593,-0.043938,0.29472,0.14092,0.22519,0.18171,-0.061168,-0.017765,0.13502,0.14742,0.40141,0.39578,0.29472,-0.24803,-0.33133,0.12543,NaN
0.2185,-0.039413,-0.050809,-0.2164,-0.02574,0.17327,-0.29088,0.092903,0.50255,0.28851,0.38235,0.2185,0.16414,0.11144,-0.02574,-0.10024,-0.0073788,-0.18608,NaN
-0.054701,-0.70321,-0.74126,-0.49004,-0.6724,0.24926,-0.79464,-0.01168,-0.65908,-0.51953,-0.52807,-0.054701,-0.76894,-0.65401,-0.6724,-0.52491,0.32552,-0.37308,NaN
-0.28989,-0.016038,-0.18443,-0.26956,0.17099,-0.31237,0.21899,-0.60698,0.097211,0.21586,0.54013,-0.28989,0.35441,-0.18002,0.17099,-0.17745,-0.27791,0.17824,NaN
0.26589,0.093201,0.091742,-0.23894,-0.44336,0.72015,0.071638,-0.35503,0.068993,-0.030709,-0.043062,0.26589,0.048588,0.086917,-0.44336,-0.36647,0.63915,0.018634,NaN
0.18889,-0.071235,0.29258,0.21505,0.40155,-0.031079,0.18663,0.12597,0.079305,0.11301,0.093211,0.18889,-0.058888,0.084062,0.40155,0.2618,-0.064537,-0.015186,NaN
-0.27176,-0.2968,-0.27766,-0.23981,0.035535,0.50108,-0.27274,0.38314,-0.16788,-0.2356,0.045211,-0.27176,-0.29774,-0.17337,0.035535,-0.012077,-0.02205,0.043617,NaN
0.54761,0.50649,0.23127,0.090231,-0.33381,0.30816,0.10228,0.38951,-0.0053168,-0.21271,-0.24291,0.54761,0.20988,0.017169,-0.33381,0.08319,-0.32503,0.15585,NaN
0.45512,0.24341,0.077117,-0.0074627,-0.30127,0.1054,-0.78778,0.098701,0.036146,0.023533,-0.49781,0.45512,-0.30957,-0.095769,-0.30127,-0.21528,-0.35229,-0.13799,NaN
0.26771,0.63492,0.41772,0.39897,0.59352,-0.23111,0.6706,0.52084,0.66721,0.45187,0.26425,0.26771,0.66625,0.51971,0.59352,0.41045,-0.59257,0.12994,NaN
0.08355,-0.19164,-0.23377,0.096163,0.06213,-0.090883,-0.043824,-0.71237,0.026091,-0.03145,0.0264,0.08355,-0.09967,0.029127,0.06213,0.29136,-0.26225,0.23755,NaN
-0.20389,0.13902,0.2171,0.51648,0.22637,-0.4773,-0.099652,-0.45591,0.29816,0.19111,0.14347,-0.20389,-0.45606,0.38876,0.22637,0.30869,0.1519,0.26038,NaN
0.28122,0.19112,0.0041649,0.19479,0.12551,-0.1389,0.66548,0.14918,0.00031014,0.20638,0.11763,0.28122,0.28573,0.21647,0.12551,0.078864,-0.22697,0.15246,NaN
-0.014621,0.056269,-0.0012641,-0.086399,0.059679,0.17366,-0.12354,0.33032,0.033236,-0.10405,-0.011614,-0.014621,-0.0067435,-0.12581,0.059679,0.32207,0.23935,0.22117,NaN
-0.16893,-0.26604,-0.094096,0.22348,0.55479,0.38997,-0.49125,-0.74824,-0.2284,0.41017,0.097932,-0.16893,0.042587,0.55578,0.55479,-0.041023,-0.58545,-0.067546,NaN
0.17775,-0.16213,-0.34162,0.33128,0.10582,-0.30532,0.03952,0.080972,0.62322,0.027701,-0.26632,0.17775,-0.15432,-0.056769,0.10582,-0.1097,0.23915,-0.062412,NaN
-0.32179,-0.298,-0.55993,-0.12601,-0.48949,0.55223,-0.16488,-0.15162,-0.11471,-0.12518,-0.22143,-0.32179,-0.1073,0.20478,-0.48949,-0.092041,0.093491,-0.0069007,NaN
0.17968,0.43035,0.021864,0.14215,0.33181,-0.53191,-0.02025,0.23725,-0.080236,-0.12084,0.25156,0.17968,-0.30226,-0.44785,0.33181,-0.12339,-0.26546,0.22246,NaN
0.27659,0.58478,0.37527,0.4051,-0.07972,-0.23959,-0.32289,0.353,0.01436,0.18365,0.08128,0.27659,0.59625,-0.14791,-0.07972,-0.16416,0.35765,0.33439,NaN
0.46522,-0.13301,-0.14716,0.18068,-0.35039,-0.03056,0.083526,0.33701,-0.29824,0.17719,0.10937,0.46522,-0.248,0.32886,-0.35039,0.35382,0.49056,0.2419,NaN
0.090198,-0.20404,0.010492,-0.15282,0.032213,1.0647,-0.14496,-0.59365,-0.071505,0.19135,-0.12199,0.090198,0.2678,-0.014943,0.032213,-0.082774,0.34781,-0.16113,NaN
0.11196,-0.39647,-0.071961,-0.21524,0.20024,-0.16619,0.32379,0.55474,-0.071984,0.34591,0.019255,0.11196,0.1805,0.32309,0.20024,0.33171,0.3899,-0.20251,NaN
0.48825,0.25292,0.23551,0.34796,0.36333,0.40229,-0.23525,-0.25809,0.066429,0.19409,-0.33463,0.48825,0.199,-0.051549,0.36333,-0.24738,0.41614,0.06991,NaN
-0.091532,-0.13716,-0.26544,0.11143,-0.12796,0.072558,-0.24786,0.10758,-0.20165,0.021183,-0.18181,-0.091532,0.1674,0.0046339,-0.12796,-0.048928,0.15142,0.11435,NaN
0.29046,0.37798,0.11708,0.085952,0.003225,-0.23137,-0.028118,0.38199,0.1166,-0.14201,0.064724,0.29046,0.058236,-0.0056601,0.003225,0.15746,0.046163,-0.13058,NaN
-0.1647,-0.28922,-0.51801,-0.05073,-0.045665,0.12335,-0.090129,-0.24551,-0.39315,-0.030394,0.22921,-0.1647,-0.19015,-0.67771,-0.045665,0.18988,-0.40285,-0.35175,NaN
0.12987,0.2141,-0.29044,0.25247,0.09832,-0.40596,0.2281,-0.002567,-0.12293,-0.10422,-0.032425,0.12987,-0.085125,-0.32434,0.09832,-0.026642,-0.24522,-0.25103,NaN
0.46888,0.43657,0.1479,0.071158,-0.070857,0.45923,0.10043,0.72107,0.012937,0.18679,-0.27295,0.46888,-0.42967,0.31097,-0.070857,0.063315,0.075169,-0.13048,NaN
-0.12611,0.081394,0.21155,-0.11587,-0.34799,0.089834,0.1415,0.191,0.0077333,0.27156,0.31983,-0.12611,0.093737,-0.22679,-0.34799,-0.010673,-0.22916,-0.14976,NaN
-0.40154,-0.053666,-0.28266,-0.20045,0.27443,0.34419,-0.034989,-0.20701,0.03171,-0.19141,0.16134,-0.40154,-0.38572,-0.28509,0.27443,0.34089,-0.035908,-0.2168,NaN
1.1722,0.66092,0.43585,1.2088,1.1264,-0.80856,0.89417,0.19255,0.90367,1.3263,0.93692,1.1722,0.34392,1.1665,1.1264,1.4106,0.56476,1.0383,NaN
-0.23339,-0.19177,-0.18603,-0.038841,0.053398,0.62028,0.1307,-0.24891,-0.23503,-0.11841,-0.1214,-0.23339,-0.0010151,0.1209,0.053398,0.13417,-0.20736,-0.3631,NaN
0.084941,0.15807,-0.13077,0.039821,-0.079054,-0.037394,0.059509,-0.046609,0.0080001,0.010227,-0.012617,0.084941,-0.4314,0.077228,-0.079054,0.28191,0.067676,-0.083331,NaN
0.30421,0.16073,-0.1225,-0.27368,-0.13053,0.24441,0.1498,-0.007391,0.38351,-0.046584,0.25274,0.30421,-0.3189,-0.14626,-0.13053,-0.2594,-0.45181,-0.05903,NaN
0.41629,0.20653,0.23852,0.24755,0.074163,-0.42335,0.20001,-0.29988,-0.037463,-0.00022266,0.24615,0.41629,0.44085,0.012579,0.074163,0.055267,0.5517,0.29164,NaN
0.027293,-0.18259,-0.21627,-0.12002,-0.22822,-0.11397,0.16255,0.00086855,-0.051968,-0.081592,0.13214,0.027293,-0.25565,-0.34165,-0.22822,-0.052425,0.16805,0.1375,NaN
0.35005,-0.040779,-0.044621,0.010129,-0.040045,-0.40136,0.029,0.065171,-0.24481,0.040177,0.16092,0.35005,-0.077518,-0.0072016,-0.040045,-0.25789,-0.4585,-0.090625,NaN
0.31653,0.45991,0.22431,-0.16932,0.25848,0.21207,0.17797,-0.24944,0.11726,-0.19573,0.20576,0.31653,0.03558,-0.32164,0.25848,0.019127,0.17493,0.37608,NaN
0.14229,-0.042338,0.2114,-0.084749,-0.41994,-0.33316,0.059021,-0.44159,-0.061988,0.074341,-0.051567,0.14229,-0.0043784,-0.087521,-0.41994,-0.022084,-0.37127,0.011523,NaN
-0.28743,0.10668,0.24674,-0.40454,0.0017782,-0.28646,-0.095148,-0.6059,-0.18472,-0.39194,-0.3784,-0.28743,-0.7541,-0.40228,0.0017782,0.32113,0.072791,-0.14156,NaN
-0.5546,0.17142,0.35951,-0.1731,0.1322,-0.070327,0.20483,0.23736,0.027543,0.21788,0.19761,-0.5546,0.56524,0.24604,0.1322,0.068818,-0.035394,-0.33797,NaN
0.21939,0.30112,0.12435,0.018636,0.22764,-0.083563,-0.092795,-0.66345,-0.10695,-0.16523,0.16993,0.21939,0.0164,-0.14066,0.22764,0.51207,0.32029,0.17572,NaN
-0.032826,0.2326,-0.064985,0.38511,-0.20604,0.20783,-0.049022,0.17098,-0.0063078,0.11495,-0.087151,-0.032826,0.24683,0.14709,-0.20604,0.16478,0.34912,0.37152,NaN
0.39559,0.049882,-0.10337,-0.19501,-0.013716,0.2792,0.38437,0.15233,-0.16958,0.10755,0.026922,0.39559,0.057251,-0.20547,-0.013716,-0.20194,-0.077452,-0.26736,NaN
-0.015372,0.32827,0.24846,0.20977,0.48998,-0.1065,0.16782,0.29597,-0.18965,0.17242,0.38035,-0.015372,0.3694,0.11704,0.48998,0.29232,-0.45974,-0.011324,NaN
0.20668,-0.23358,0.039131,0.010947,0.63756,-1.1331,0.39579,0.23894,0.066182,0.2877,0.083349,0.20668,0.17297,-0.014865,0.63756,0.098575,-0.082992,0.093168,NaN
0.34494,0.19321,-0.13383,-0.19871,-0.11187,0.17774,-0.6248,-0.44306,-0.099113,-0.51157,0.24715,0.34494,0.59185,-0.53158,-0.11187,0.013145,0.22658,-0.028742,NaN
0.38055,0.37349,0.30561,-0.0054678,0.11135,-0.49073,0.31983,0.089878,-0.20421,0.10087,-0.1094,0.38055,0.26837,0.29183,0.11135,-0.10652,-0.099099,0.26889,NaN
-0.048855,0.071639,0.19054,0.026973,-0.19104,-0.12762,-0.10613,-0.46439,0.065288,-0.41312,0.15459,-0.048855,-0.21981,-0.30122,-0.19104,0.1351,-0.052171,-0.099145,NaN
-0.24583,-0.10584,0.27332,-0.05285,-0.13215,-0.20248,0.053248,-0.093229,-0.10238,-0.018872,-0.051741,-0.24583,0.14351,0.13833,-0.13215,-0.045332,0.21649,0.003542,NaN
0.32148,0.552,0.37625,0.58328,0.0023801,-0.69461,0.28483,0.4645,0.82198,0.28237,0.16604,0.32148,0.43901,0.26027,0.0023801,0.20697,-0.1649,-0.13427,NaN
0.074012,-0.10953,-0.27708,-0.32828,-0.24815,-0.15731,-0.26865,-0.22567,-0.14587,-0.16355,-0.21335,0.074012,-0.28796,-0.47322,-0.24815,-0.48425,0.32577,0.044885,NaN
-0.30961,0.050427,0.0020346,-0.33045,-0.48574,0.85397,-0.63264,0.5374,-0.1618,-0.19219,-0.030744,-0.30961,0.25015,0.20614,-0.48574,-0.44706,0.17096,-0.10559,NaN
-0.00059326,-0.39834,-0.37046,0.29529,0.19432,-0.0599,0.32117,0.30095,0.32904,0.05438,-0.14574,-0.00059326,-0.42952,0.0079854,0.19432,0.0033305,0.023084,0.37708,NaN
0.10044,0.2233,0.54415,-0.0056164,0.065064,0.2968,-0.15954,-0.10516,-0.11411,0.4709,-0.50462,0.10044,0.16995,0.018899,0.065064,0.0029264,-0.28347,0.011873,NaN
-0.14161,0.023159,0.20198,-0.13665,-0.15393,-0.38711,-0.23866,0.29729,0.11124,-0.12174,0.34825,-0.14161,0.071226,0.13841,-0.15393,-0.10975,0.20356,0.13257,NaN
0.48262,0.16131,0.24014,0.53479,0.14434,-0.58114,0.05619,0.3707,-0.036558,0.19694,-0.12343,0.48262,0.088434,0.053306,0.14434,-0.23325,-0.0028676,0.42349,NaN
0.23567,-0.088837,-0.29041,0.16086,0.10069,0.36758,-0.084656,-0.19766,-0.66889,0.26525,0.17733,0.23567,0.43297,-0.10133,0.10069,0.22442,-0.028116,-0.11074,NaN
0.030586,-0.15082,-0.25853,-0.21606,-0.058673,0.16891,0.014805,0.007562,0.34849,-0.19865,0.2857,0.030586,-0.43715,-0.42715,-0.058673,-0.10503,-0.26016,0.105,NaN
-0.12376,-0.25822,-0.26789,0.42797,-0.18539,-0.12053,-0.15208,0.70196,-0.15876,-0.04195,-0.30467,-0.12376,-0.35857,-0.25421,-0.18539,0.12339,0.3519,0.064787,NaN
-0.26531,-0.30015,0.070466,-0.070283,0.050425,0.31283,0.19622,-0.069367,0.33823,0.14048,-0.15095,-0.26531,-0.095357,0.098847,0.050425,0.10978,0.067591,-0.16547,NaN
0.1438,0.012637,-0.17298,-0.26634,0.27535,-0.19043,0.083831,-0.57248,-0.22103,-0.30424,0.30346,0.1438,-0.21766,-0.28689,0.27535,0.048994,0.27142,0.10913,NaN
0.32646,-0.15221,-0.21425,0.46655,-0.24751,0.20722,0.18074,0.25245,0.1733,0.36415,-0.15678,0.32646,0.36788,0.28485,-0.24751,-0.25157,0.012518,-0.14449,NaN
-0.62821,-0.33081,-0.22362,-0.53972,-0.050139,0.053877,0.196,0.089145,-0.69573,0.26297,0.064804,-0.62821,-0.072162,0.39401,-0.050139,0.40319,-0.15639,-0.49601,NaN
-0.43773,-0.15796,0.14021,0.65412,0.29191,-0.3144,0.57978,0.28736,0.42948,0.0023452,-0.073008,-0.43773,0.17228,-0.049808,0.29191,0.35318,-0.058408,0.14863,NaN
0.10953,0.42251,0.079946,0.015206,0.018815,-0.30792,-0.072943,0.42048,0.065464,0.072596,0.26499,0.10953,0.44464,0.013944,0.018815,0.18651,-0.29324,0.02492,NaN
0.018022,0.28959,0.22133,-0.017212,0.36727,-0.4297,0.4357,0.88684,0.1911,0.11845,0.16312,0.018022,0.018139,0.16392,0.36727,-0.023622,-0.07796,0.064597,NaN
-0.23481,0.13603,0.20198,-0.026878,0.12812,0.12249,0.52403,-0.11946,-0.15752,0.14105,0.11889,-0.23481,0.21426,0.18932,0.12812,-0.12734,0.54211,0.16158,NaN
-0.02992,-0.44917,-0.489,0.082447,-0.10293,0.31055,0.10477,0.89105,0.21326,-0.26427,-0.63938,-0.02992,-0.70453,-0.36604,-0.10293,0.11475,0.3828,0.12896,NaN
-0.035995,-0.27338,0.056261,0.20145,0.16095,-0.33498,0.54837,0.58986,-0.12248,0.0874,0.15598,-0.035995,0.43444,0.29263,0.16095,0.27359,1.0763,0.41379,NaN
-0.01333,0.1177,-0.22299,-0.049203,-0.30712,0.27797,-0.66689,-0.1351,-0.13002,-0.14767,-0.23643,-0.01333,-0.28846,0.04623,-0.30712,-0.21866,0.51449,0.14501,NaN
0.25916,0.14565,0.026061,0.23055,-0.17172,-0.24316,0.51188,-0.66048,-0.044992,0.030761,0.59644,0.25916,0.47258,0.083575,-0.17172,0.015794,0.0017791,0.034307,NaN
0.30604,0.56783,0.29111,0.043297,0.39917,-0.0081737,0.22309,-0.058135,0.021297,0.77186,0.38748,0.30604,0.67697,0.74226,0.39917,0.81754,1.2579,0.73038,NaN
0.16948,0.10231,0.096757,0.11358,0.3457,-0.13852,-0.017447,0.036389,0.19272,0.21156,0.3358,0.16948,0.46644,0.33547,0.3457,-0.023792,0.059456,0.21383,NaN
-0.28614,-0.93597,-0.84805,0.10639,-0.53083,-0.045556,-0.71843,0.37353,-0.16017,-0.44392,-0.58647,-0.28614,-0.99729,-0.57404,-0.53083,-0.85469,-0.32058,-0.80612,NaN
-0.29282,-0.14156,-0.056936,-0.26179,-0.3528,0.45888,0.078075,-0.51681,-0.49994,-0.20775,0.12584,-0.29282,-0.21072,-0.41165,-0.3528,-0.16203,-0.004971,-0.14594,NaN
0.20582,0.26889,0.74374,-0.20545,0.50422,-0.31207,0.49534,0.14704,0.39665,0.37808,0.36144,0.20582,0.44665,0.54412,0.50422,0.18076,0.11917,0.091722,NaN
0.27869,0.23354,0.3228,0.23788,0.14786,-0.15037,0.055915,0.21488,0.4949,0.25961,-0.33622,0.27869,0.43249,0.21851,0.14786,0.028014,0.3849,-0.22697,NaN
0.02396,0.18078,0.48061,-0.23338,-0.071239,0.18415,0.137,-0.24231,0.1319,0.14334,0.38128,0.02396,0.4353,-0.090363,-0.071239,-0.1434,0.070072,-0.077594,NaN
0.31438,0.41739,0.50982,0.11289,-0.019673,0.35821,-0.062998,-0.68003,-0.011524,-0.16888,-0.10348,0.31438,0.49677,0.2319,-0.019673,0.0013139,0.54399,-0.16289,NaN
0.1351,0.020107,0.17396,0.4806,0.12915,0.34707,-0.16348,0.35528,-0.15342,0.027463,0.18825,0.1351,0.29123,-0.028044,0.12915,-0.091735,0.1199,0.14248,NaN
-0.30365,-0.47957,-0.45451,-0.12217,0.15139,-0.020262,0.52879,0.33985,0.094529,0.029387,-0.33686,-0.30365,-0.26873,0.038993,0.15139,-0.089704,0.065399,0.048024,NaN
-0.18346,-0.018624,-0.3632,0.096552,0.02374,0.19664,-0.15893,0.28538,0.21422,-0.22428,0.0058178,-0.18346,-0.30327,-0.051299,0.02374,0.11105,-0.25683,0.0072314,NaN
0.29019,0.25683,0.088462,0.11634,0.059252,0.40549,-0.19031,-0.56456,-0.038652,0.22057,-0.1345,0.29019,0.11383,0.1093,0.059252,-0.16703,-0.14289,0.0721,NaN
0.49528,0.49726,0.73527,0.4465,0.36249,-0.77879,0.28423,-0.26476,0.12369,0.23096,0.55511,0.49528,-0.27214,0.14915,0.36249,0.068377,-0.37262,0.13845,NaN
0.29043,-0.0077655,-0.30723,0.091496,-0.20221,0.36857,-0.23602,0.055269,0.076592,0.080299,-0.056443,0.29043,-0.035139,0.046163,-0.20221,-0.087388,0.54251,0.1192,NaN
0.14657,0.13772,-0.060367,0.065461,0.21818,0.036395,-0.18803,0.58637,0.26522,-0.2145,0.15094,0.14657,0.076457,-0.28605,0.21818,-0.039789,-0.42659,0.074452,NaN
-0.2942,-0.13465,-0.25978,-0.17765,0.031545,0.065013,-0.34223,-0.25756,-0.18597,-0.085026,-0.28438,-0.2942,-0.23865,-0.10671,0.031545,0.014184,0.63906,0.1422,NaN
0.03385,-0.17735,0.10333,-0.11693,0.36705,-0.25396,0.095075,-0.28899,-0.0068657,0.072617,0.025488,0.03385,-0.41687,-0.17258,0.36705,0.21187,-0.1705,0.14231,NaN
0.012871,0.20448,0.062279,-0.095342,-0.046894,-0.7631,0.050825,-0.11089,0.061025,-0.27516,0.20392,0.012871,0.087454,-0.16033,-0.046894,0.28579,-0.014435,-0.021386,NaN
0.1471,-0.17611,-0.27991,0.13592,0.13735,-0.18201,-0.33548,-0.12662,0.079906,-0.081347,0.052712,0.1471,0.13362,0.14327,0.13735,-0.28797,-0.088536,-0.095472,NaN
-0.23837,0.19226,0.51254,-0.21733,-0.057606,-0.49784,-0.64552,-0.29093,0.32194,0.17192,-0.45719,-0.23837,-0.021917,0.11928,-0.057606,-0.058996,0.30446,-0.1452,NaN
0.066678,0.1195,-0.22526,0.29612,0.027779,-0.35769,0.16552,0.015627,-0.01092,0.17857,0.089267,0.066678,0.60685,0.11244,0.027779,-0.032436,-0.19099,0.26035,NaN
0.12782,0.19199,0.26189,-0.0016898,-0.033237,0.17495,0.19078,-0.02083,-0.28426,0.17738,0.095469,0.12782,0.012682,-0.010397,-0.033237,-0.0047009,-0.066089,0.034254,NaN
0.015559,-0.308,-0.29226,0.27731,0.050452,-0.25688,-0.020446,-0.4265,0.13161,-0.11539,-0.19022,0.015559,0.040642,-0.17361,0.050452,-0.17052,-0.25968,-0.022233,NaN
0.31054,0.28276,0.28492,-0.18939,-0.42195,-0.13243,0.56518,-0.46018,0.56824,0.10944,-0.17101,0.31054,0.051966,0.3518,-0.42195,-0.034741,0.022768,-0.035155,NaN
-0.39697,-0.37843,-0.071357,-0.24974,-0.29115,0.21502,-0.15641,0.29272,-0.2609,0.1436,-0.37599,-0.39697,-0.29938,-0.083673,-0.29115,-0.11489,-0.21704,0.021694,NaN
-0.35883,-0.29576,-0.1076,0.094392,-0.28406,-0.071631,0.38419,0.38264,-0.42268,0.0057018,-0.182,-0.35883,-0.19071,-0.30459,-0.28406,0.075093,0.064564,0.0053403,NaN
0.17949,0.10552,0.076269,0.40011,0.25065,0.18276,0.10524,0.2004,0.48431,0.17579,-0.065605,0.17949,0.21893,-0.11977,0.25065,0.099526,0.27711,0.011187,NaN
0.20153,0.15098,-0.14954,-0.27593,-0.23917,0.40119,0.24834,0.87797,0.084896,0.067598,-0.061388,0.20153,0.33879,0.083505,-0.23917,0.048183,0.28821,-0.15162,NaN
0.19754,0.13438,0.030654,-0.056783,-0.16317,-0.11787,0.169,-0.2727,-0.07214,-0.016947,-0.19467,0.19754,0.25367,-0.21614,-0.16317,-0.073775,-0.31058,-0.13679,NaN
0.059935,0.37831,-0.17261,-0.28192,-0.1791,-0.1547,-0.22751,0.39856,-0.084313,0.053596,-0.070368,0.059935,0.027618,0.1095,-0.1791,-0.41817,0.16718,-0.2487,NaN
-0.025786,0.12645,0.038319,0.28785,-0.12767,0.053723,0.27999,0.23733,0.16365,0.10883,-0.23977,-0.025786,-0.13396,-0.12562,-0.12767,0.0041268,0.3174,0.10352,NaN
0.25356,-0.17134,-0.18074,0.148,0.50467,-0.36999,0.027417,0.23868,0.052043,0.022125,0.39253,0.25356,0.33192,0.013308,0.50467,0.44414,0.060478,0.16276,NaN
0.041696,0.17703,0.25951,0.25342,0.21975,-0.038677,0.14738,0.01648,0.49694,0.2049,-0.21283,0.041696,-0.26319,0.12892,0.21975,-0.16062,-0.072759,0.025839,NaN
0.064732,0.20824,0.30446,0.41568,-0.32816,0.39287,0.32636,0.12754,0.27389,0.21315,0.17221,0.064732,0.60059,0.31731,-0.32816,0.14294,0.4261,0.23774,NaN
-2.7952,-2.7299,-2.4681,-2.182,-2.1376,0.52073,-2.7652,0.27853,-2.3782,-2.0427,-1.867,-2.7952,-2.575,-2.1746,-2.1376,-2.2628,-1.594,-1.9921,NaN
0.15047,-0.2495,-0.33576,0.2012,0.087901,0.36108,0.28688,0.40716,-0.05063,-0.21159,-0.22609,0.15047,-0.075961,-0.27215,0.087901,-0.027347,-0.4796,-0.090109,NaN
0.66263,0.33149,0.18492,0.76048,0.47143,-0.10855,0.42632,-0.054619,0.23607,0.42597,0.53976,0.66263,0.27487,0.1136,0.47143,0.81311,0.60418,0.53,NaN
-0.26684,0.13897,0.16386,-0.034094,0.48375,-0.28759,0.02507,-0.27135,0.10238,0.19095,-0.3358,-0.26684,0.012565,0.15965,0.48375,0.77417,0.10524,0.34921,NaN
-0.39469,-0.33547,-0.53963,-0.36317,-0.55058,0.4023,-0.6626,0.38414,-0.064911,0.088473,-0.48587,-0.39469,0.19339,0.27535,-0.55058,-0.25639,0.19394,-0.2982,NaN
-0.25266,0.17495,0.17145,-0.50325,-0.081249,0.034233,-0.35313,0.28275,-0.066789,-0.0075369,-0.050246,-0.25266,0.052633,0.34392,-0.081249,-0.11576,-0.014878,-0.052207,NaN
-0.14669,0.12598,0.11424,0.038948,-0.22943,0.45197,-0.16386,-0.19018,0.18695,-0.22387,0.31694,-0.14669,-0.15258,-0.086399,-0.22943,-0.11982,-0.023479,-0.27529,NaN
-0.1827,0.21795,0.17146,0.056327,-0.10266,0.54749,0.54448,0.44804,-0.069824,0.11102,-0.15536,-0.1827,0.43323,0.22509,-0.10266,-0.21363,-0.15308,-0.013769,NaN
0.18219,-0.27668,-0.17973,-0.354,-0.1082,0.033767,-0.054815,-0.44217,-0.24294,0.019829,0.12244,0.18219,-0.5283,0.048193,-0.1082,0.028429,0.57997,0.081366,NaN
-0.29806,-0.038286,-0.030704,-0.057918,0.37007,-0.23758,0.54757,0.09926,0.17729,0.068704,0.38356,-0.29806,0.18374,-0.058734,0.37007,0.27261,-0.20628,0.65293,NaN
0.38238,0.11087,-0.15982,-0.067494,-0.4184,0.78997,0.0065762,-0.6405,-0.19107,-0.22116,-0.1389,0.38238,0.042201,-0.23789,-0.4184,0.031026,-0.10385,-0.3951,NaN
-0.10487,0.0086324,-0.011572,-0.10409,0.4504,-0.1367,0.27822,-0.33351,0.19647,0.39979,0.41886,-0.10487,0.4525,0.54658,0.4504,0.096782,-0.48611,0.027798,NaN
-0.25808,0.15148,-0.16626,-0.50411,-0.09231,0.20755,0.18534,0.089441,-0.23577,-0.18775,0.23664,-0.25808,0.17068,-0.21501,-0.09231,0.0067769,-0.40827,0.10037,NaN
-0.46985,-0.13083,-0.23036,-0.17912,-0.0079179,-0.12717,0.062874,0.37199,-0.086872,0.038405,-0.31113,-0.46985,-0.50042,-0.25778,-0.0079179,0.14082,0.69137,0.029912,NaN
-0.064991,-0.11784,0.1242,0.12491,-0.2745,-0.085307,-0.31926,0.30898,-0.035221,-0.020285,0.045194,-0.064991,0.089172,-0.13427,-0.2745,-0.013064,0.23474,0.14638,NaN
-0.42737,-0.47226,-0.36158,0.046381,-0.037237,0.80555,-0.17975,0.2218,-0.38769,0.055261,-0.20405,-0.42737,-0.48171,0.048171,-0.037237,-0.29686,-0.31005,-0.15713,NaN
0.23932,0.20011,0.31626,-0.1385,0.10104,-0.36497,0.22093,-0.49017,0.020131,0.27793,-0.21097,0.23932,0.14821,0.34554,0.10104,-0.079913,1.062,0.12685,NaN
0.20195,0.03868,0.39586,0.30721,0.10798,-0.056461,0.22999,0.45828,-0.26886,0.18371,-0.11025,0.20195,-0.043882,0.24311,0.10798,0.195,0.032588,0.1147,NaN
0.12078,0.0096292,-0.039311,-0.23166,0.37727,-0.20735,0.18652,0.29225,-0.099666,-0.16897,0.021766,0.12078,-0.24315,-0.13283,0.37727,0.031549,-0.0014548,0.091364,NaN
-0.26388,0.17821,0.46592,0.053383,0.87977,0.027932,0.21208,0.013078,0.16209,-0.067391,0.44129,-0.26388,0.076831,-0.1083,0.87977,0.28506,0.044066,0.31726,NaN
-0.045782,-0.020447,0.26062,0.058134,0.33583,-0.24959,-0.14143,-0.49772,-0.3107,0.34503,0.32797,-0.045782,-0.092284,0.068882,0.33583,-0.087461,-0.24919,0.068401,NaN
-0.25348,-0.87195,-0.7121,-0.015988,-0.20043,0.22718,-0.063158,-0.87389,-0.3023,-0.40523,-0.33427,-0.25348,-0.79189,-0.39841,-0.20043,0.0090611,0.45012,-0.054958,NaN
-0.12779,0.061883,-0.38866,-0.23553,-0.082191,0.3294,-0.32837,0.14916,-0.64558,0.012525,0.011807,-0.12779,-0.08596,-0.12674,-0.082191,-0.20989,0.077952,-0.017548,NaN
0.2203,-0.1718,-0.2271,0.28782,-0.06255,0.48952,0.15507,0.65404,-0.013371,0.0935,0.059703,0.2203,-0.1466,-0.019151,-0.06255,0.053913,0.48169,-0.022145,NaN
